1310011,T19M,"None",907677.5
1310011,T19M2+T20M2,"None",919056.1
1310011,T19M2+T20M2,"Bracers, Cloak",1009442.7
1310011,T19M2+T20M2,"Insignia, Bracers",1046513.5
1310011,T19M2+T20M2,"Insignia, Cloak",1027357.6
1310011,T19M2+T20M2,"Mantle, Bracers",1066837.5
1310011,T19M2+T20M2,"Mantle, Cloak",1061289.1
1310011,T19M2+T20M2,"Mantle, Insignia",1085099.7
1310011,T19M2+T20M4,"None",954483.4
1310011,T19M2+T20M4,"Insignia, Bracers",1085187.2
1310011,T19M4+T20M2,"None",941290.2
1310011,T19M4+T20M2,"Insignia, Bracers",1051803.9
1310011,T19M,"Bracers, Cloak",989752.8
1310011,T19M,"Insignia, Bracers",1014820.7
1310011,T19M,"Insignia, Cloak",1012774.4
1310011,T19M,"Mantle, Bracers",1042392.2
1310011,T19M,"Mantle, Cloak",1057570.9
1310011,T19M,"Mantle, Insignia",1067865.4
1310011,T20M,"None",931569.5
1310011,T20M,"Bracers, Cloak",1026709.4
1310011,T20M,"Insignia, Bracers",1058339.7
1310011,T20M,"Insignia, Cloak",1044461.1
1310011,T20M,"Mantle, Bracers",1078960.8
1310011,T20M,"Mantle, Cloak",1079298.7
1310011,T20M,"Mantle, Insignia",1100456.5
1310012,T19M,"None",894844.1
1310012,T19M2+T20M2,"None",856466.4
1310012,T19M2+T20M2,"Bracers, Cloak",960712.0
1310012,T19M2+T20M2,"Insignia, Bracers",997941.5
1310012,T19M2+T20M2,"Insignia, Cloak",960846.2
1310012,T19M2+T20M2,"Mantle, Bracers",1043925.8
1310012,T19M2+T20M2,"Mantle, Cloak",1016031.7
1310012,T19M2+T20M2,"Mantle, Insignia",1043131.4
1310012,T19M2+T20M4,"None",890379.6
1310012,T19M2+T20M4,"Insignia, Bracers",1037547.9
1310012,T19M4+T20M2,"None",921676.9
1310012,T19M4+T20M2,"Insignia, Bracers",1037921.0
1310012,T19M,"Bracers, Cloak",983013.5
1310012,T19M,"Insignia, Bracers",1004301.6
1310012,T19M,"Insignia, Cloak",1009053.0
1310012,T19M,"Mantle, Bracers",1062431.9
1310012,T19M,"Mantle, Cloak",1068401.7
1310012,T19M,"Mantle, Insignia",1082838.4
1310012,T20M,"None",874561.9
1310012,T20M,"Bracers, Cloak",981028.9
1310012,T20M,"Insignia, Bracers",1015634.3
1310012,T20M,"Insignia, Cloak",981270.8
1310012,T20M,"Mantle, Bracers",1062846.1
1310012,T20M,"Mantle, Cloak",1033205.0
1310012,T20M,"Mantle, Insignia",1063788.8
1310013,T19M,"None",902591.2
1310013,T19M2+T20M2,"None",892199.7
1310013,T19M2+T20M2,"Bracers, Cloak",992288.1
1310013,T19M2+T20M2,"Insignia, Bracers",1022638.2
1310013,T19M2+T20M2,"Insignia, Cloak",994841.4
1310013,T19M2+T20M2,"Mantle, Bracers",1055748.5
1310013,T19M2+T20M2,"Mantle, Cloak",1036956.9
1310013,T19M2+T20M2,"Mantle, Insignia",1059309.5
1310013,T19M2+T20M4,"None",930133.2
1310013,T19M2+T20M4,"Insignia, Bracers",1068324.8
1310013,T19M4+T20M2,"None",932363.3
1310013,T19M4+T20M2,"Insignia, Bracers",1044725.1
1310013,T19M,"Bracers, Cloak",991955.1
1310013,T19M,"Insignia, Bracers",1010900.0
1310013,T19M,"Insignia, Cloak",1007724.1
1310013,T19M,"Mantle, Bracers",1053786.5
1310013,T19M,"Mantle, Cloak",1057957.2
1310013,T19M,"Mantle, Insignia",1070509.8
1310013,T20M,"None",909682.0
1310013,T20M,"Bracers, Cloak",1016968.6
1310013,T20M,"Insignia, Bracers",1042430.5
1310013,T20M,"Insignia, Cloak",1015383.0
1310013,T20M,"Mantle, Bracers",1079084.4
1310013,T20M,"Mantle, Cloak",1057792.4
1310013,T20M,"Mantle, Insignia",1079525.4
1310021,T19M,"None",1011521.8
1310021,T19M2+T20M2,"None",1044304.6
1310021,T19M2+T20M2,"Bracers, Cloak",1159501.5
1310021,T19M2+T20M2,"Insignia, Bracers",1186776.6
1310021,T19M2+T20M2,"Insignia, Cloak",1162871.0
1310021,T19M2+T20M2,"Mantle, Bracers",1225443.3
1310021,T19M2+T20M2,"Mantle, Cloak",1221637.3
1310021,T19M2+T20M2,"Mantle, Insignia",1231766.0
1310021,T19M2+T20M4,"None",1092410.9
1310021,T19M2+T20M4,"Insignia, Bracers",1243533.3
1310021,T19M4+T20M2,"None",1048129.0
1310021,T19M4+T20M2,"Insignia, Bracers",1181638.5
1310021,T19M,"Bracers, Cloak",1115440.1
1310021,T19M,"Insignia, Bracers",1134859.5
1310021,T19M,"Insignia, Cloak",1123927.0
1310021,T19M,"Mantle, Bracers",1180730.5
1310021,T19M,"Mantle, Cloak",1189012.3
1310021,T19M,"Mantle, Insignia",1192218.2
1310021,T20M,"None",1062804.6
1310021,T20M,"Bracers, Cloak",1186548.7
1310021,T20M,"Insignia, Bracers",1212868.8
1310021,T20M,"Insignia, Cloak",1190116.6
1310021,T20M,"Mantle, Bracers",1249904.2
1310021,T20M,"Mantle, Cloak",1249120.5
1310021,T20M,"Mantle, Insignia",1255343.0
1310022,T19M,"None",1022174.7
1310022,T19M2+T20M2,"None",1007151.5
1310022,T19M2+T20M2,"Bracers, Cloak",1144273.0
1310022,T19M2+T20M2,"Insignia, Bracers",1169827.4
1310022,T19M2+T20M2,"Insignia, Cloak",1134562.4
1310022,T19M2+T20M2,"Mantle, Bracers",1234592.7
1310022,T19M2+T20M2,"Mantle, Cloak",1205176.0
1310022,T19M2+T20M2,"Mantle, Insignia",1226297.5
1310022,T19M2+T20M4,"None",1050151.5
1310022,T19M2+T20M4,"Insignia, Bracers",1229354.8
1310022,T19M4+T20M2,"None",1055331.4
1310022,T19M4+T20M2,"Insignia, Bracers",1199565.6
1310022,T19M,"Bracers, Cloak",1147465.5
1310022,T19M,"Insignia, Bracers",1158670.7
1310022,T19M,"Insignia, Cloak",1152614.5
1310022,T19M,"Mantle, Bracers",1234538.1
1310022,T19M,"Mantle, Cloak",1236094.0
1310022,T19M,"Mantle, Insignia",1238869.6
1310022,T20M,"None",1031157.7
1310022,T20M,"Bracers, Cloak",1173753.0
1310022,T20M,"Insignia, Bracers",1201237.3
1310022,T20M,"Insignia, Cloak",1165643.7
1310022,T20M,"Mantle, Bracers",1263390.9
1310022,T20M,"Mantle, Cloak",1233555.2
1310022,T20M,"Mantle, Insignia",1258126.5
1310023,T19M,"None",998621.6
1310023,T19M2+T20M2,"None",1006580.9
1310023,T19M2+T20M2,"Bracers, Cloak",1137662.4
1310023,T19M2+T20M2,"Insignia, Bracers",1160773.0
1310023,T19M2+T20M2,"Insignia, Cloak",1121158.0
1310023,T19M2+T20M2,"Mantle, Bracers",1214630.9
1310023,T19M2+T20M2,"Mantle, Cloak",1183990.3
1310023,T19M2+T20M2,"Mantle, Insignia",1202976.3
1310023,T19M2+T20M4,"None",1054463.1
1310023,T19M2+T20M4,"Insignia, Bracers",1218745.3
1310023,T19M4+T20M2,"None",1029289.8
1310023,T19M4+T20M2,"Insignia, Bracers",1169788.9
1310023,T19M,"Bracers, Cloak",1113727.3
1310023,T19M,"Insignia, Bracers",1130897.4
1310023,T19M,"Insignia, Cloak",1112954.9
1310023,T19M,"Mantle, Bracers",1192572.5
1310023,T19M,"Mantle, Cloak",1182177.1
1310023,T19M,"Mantle, Insignia",1192966.0
1310023,T20M,"None",1028584.8
1310023,T20M,"Bracers, Cloak",1163674.5
1310023,T20M,"Insignia, Bracers",1188386.1
1310023,T20M,"Insignia, Cloak",1150223.1
1310023,T20M,"Mantle, Bracers",1237973.9
1310023,T20M,"Mantle, Cloak",1212726.3
1310023,T20M,"Mantle, Insignia",1229114.5
1310031,T19M,"None",908758.4
1310031,T19M2+T20M2,"None",919246.2
1310031,T19M2+T20M2,"Bracers, Cloak",1010014.7
1310031,T19M2+T20M2,"Insignia, Bracers",1033841.4
1310031,T19M2+T20M2,"Insignia, Cloak",1025292.1
1310031,T19M2+T20M2,"Mantle, Bracers",1073849.2
1310031,T19M2+T20M2,"Mantle, Cloak",1086203.1
1310031,T19M2+T20M2,"Mantle, Insignia",1088464.7
1310031,T19M2+T20M4,"None",967700.5
1310031,T19M2+T20M4,"Insignia, Bracers",1080506.0
1310031,T19M4+T20M2,"None",953040.8
1310031,T19M4+T20M2,"Insignia, Bracers",1050152.7
1310031,T19M,"Bracers, Cloak",989445.5
1310031,T19M,"Insignia, Bracers",1007547.8
1310031,T19M,"Insignia, Cloak",1015174.8
1310031,T19M,"Mantle, Bracers",1051206.6
1310031,T19M,"Mantle, Cloak",1077489.4
1310031,T19M,"Mantle, Insignia",1074983.8
1310031,T20M,"None",937720.9
1310031,T20M,"Bracers, Cloak",1029652.7
1310031,T20M,"Insignia, Bracers",1049292.7
1310031,T20M,"Insignia, Cloak",1047290.1
1310031,T20M,"Mantle, Bracers",1088570.7
1310031,T20M,"Mantle, Cloak",1100930.4
1310031,T20M,"Mantle, Insignia",1106822.6
1310032,T19M,"None",926397.6
1310032,T19M2+T20M2,"None",891907.4
1310032,T19M2+T20M2,"Bracers, Cloak",1000083.4
1310032,T19M2+T20M2,"Insignia, Bracers",1029137.5
1310032,T19M2+T20M2,"Insignia, Cloak",999471.8
1310032,T19M2+T20M2,"Mantle, Bracers",1080631.8
1310032,T19M2+T20M2,"Mantle, Cloak",1056210.3
1310032,T19M2+T20M2,"Mantle, Insignia",1083451.6
1310032,T19M2+T20M4,"None",925758.7
1310032,T19M2+T20M4,"Insignia, Bracers",1069195.5
1310032,T19M4+T20M2,"None",951459.2
1310032,T19M4+T20M2,"Insignia, Bracers",1068892.8
1310032,T19M,"Bracers, Cloak",1017918.1
1310032,T19M,"Insignia, Bracers",1035556.1
1310032,T19M,"Insignia, Cloak",1043380.8
1310032,T19M,"Mantle, Bracers",1099486.3
1310032,T19M,"Mantle, Cloak",1108216.9
1310032,T19M,"Mantle, Insignia",1117621.0
1310032,T20M,"None",909715.0
1310032,T20M,"Bracers, Cloak",1022358.5
1310032,T20M,"Insignia, Bracers",1049291.1
1310032,T20M,"Insignia, Cloak",1022194.6
1310032,T20M,"Mantle, Bracers",1102901.9
1310032,T20M,"Mantle, Cloak",1078143.8
1310032,T20M,"Mantle, Insignia",1100604.4
1310033,T19M,"None",926165.1
1310033,T19M2+T20M2,"None",918723.7
1310033,T19M2+T20M2,"Bracers, Cloak",1022599.6
1310033,T19M2+T20M2,"Insignia, Bracers",1046881.6
1310033,T19M2+T20M2,"Insignia, Cloak",1024407.4
1310033,T19M2+T20M2,"Mantle, Bracers",1093702.7
1310033,T19M2+T20M2,"Mantle, Cloak",1075751.5
1310033,T19M2+T20M2,"Mantle, Insignia",1093533.4
1310033,T19M2+T20M4,"None",958353.1
1310033,T19M2+T20M4,"Insignia, Bracers",1092723.9
1310033,T19M4+T20M2,"None",957567.5
1310033,T19M4+T20M2,"Insignia, Bracers",1070473.6
1310033,T19M,"Bracers, Cloak",1020402.9
1310033,T19M,"Insignia, Bracers",1035111.4
1310033,T19M,"Insignia, Cloak",1032568.2
1310033,T19M,"Mantle, Bracers",1089775.4
1310033,T19M,"Mantle, Cloak",1091477.8
1310033,T19M,"Mantle, Insignia",1100751.1
1310033,T20M,"None",936257.2
1310033,T20M,"Bracers, Cloak",1046202.9
1310033,T20M,"Insignia, Bracers",1068288.6
1310033,T20M,"Insignia, Cloak",1046305.4
1310033,T20M,"Mantle, Bracers",1114751.6
1310033,T20M,"Mantle, Cloak",1097593.8
1310033,T20M,"Mantle, Insignia",1115880.9
1320011,T19M,"None",892466.9
1320011,T19M2+T20M2,"None",898603.9
1320011,T19M2+T20M2,"Bracers, Cloak",986509.1
1320011,T19M2+T20M2,"Insignia, Bracers",1014588.5
1320011,T19M2+T20M2,"Insignia, Cloak",1002895.3
1320011,T19M2+T20M2,"Mantle, Bracers",1039255.5
1320011,T19M2+T20M2,"Mantle, Cloak",1037282.3
1320011,T19M2+T20M2,"Mantle, Insignia",1055453.4
1320011,T19M2+T20M4,"None",930682.6
1320011,T19M2+T20M4,"Insignia, Bracers",1054295.0
1320011,T19M4+T20M2,"None",921802.1
1320011,T19M4+T20M2,"Insignia, Bracers",1026333.0
1320011,T19M,"Bracers, Cloak",976403.8
1320011,T19M,"Insignia, Bracers",991374.1
1320011,T19M,"Insignia, Cloak",995213.8
1320011,T19M,"Mantle, Bracers",1025176.7
1320011,T19M,"Mantle, Cloak",1044547.6
1320011,T19M,"Mantle, Insignia",1042491.5
1320011,T20M,"None",913605.2
1320011,T20M,"Bracers, Cloak",1008473.5
1320011,T20M,"Insignia, Bracers",1033666.9
1320011,T20M,"Insignia, Cloak",1025672.2
1320011,T20M,"Mantle, Bracers",1056107.3
1320011,T20M,"Mantle, Cloak",1060136.8
1320011,T20M,"Mantle, Insignia",1074077.2
1320012,T19M,"None",879685.2
1320012,T19M2+T20M2,"None",830030.1
1320012,T19M2+T20M2,"Bracers, Cloak",932335.4
1320012,T19M2+T20M2,"Insignia, Bracers",962691.3
1320012,T19M2+T20M2,"Insignia, Cloak",934072.2
1320012,T19M2+T20M2,"Mantle, Bracers",1007549.1
1320012,T19M2+T20M2,"Mantle, Cloak",984124.8
1320012,T19M2+T20M2,"Mantle, Insignia",1007925.9
1320012,T19M2+T20M4,"None",864620.9
1320012,T19M2+T20M4,"Insignia, Bracers",1002295.1
1320012,T19M4+T20M2,"None",901759.4
1320012,T19M4+T20M2,"Insignia, Bracers",1011856.4
1320012,T19M,"Bracers, Cloak",969428.1
1320012,T19M,"Insignia, Bracers",982945.3
1320012,T19M,"Insignia, Cloak",991844.7
1320012,T19M,"Mantle, Bracers",1038968.7
1320012,T19M,"Mantle, Cloak",1051243.7
1320012,T19M,"Mantle, Insignia",1057399.1
1320012,T20M,"None",851517.0
1320012,T20M,"Bracers, Cloak",954145.8
1320012,T20M,"Insignia, Bracers",984483.8
1320012,T20M,"Insignia, Cloak",958718.3
1320012,T20M,"Mantle, Bracers",1034971.9
1320012,T20M,"Mantle, Cloak",1009153.4
1320012,T20M,"Mantle, Insignia",1032400.4
1320013,T19M,"None",881031.8
1320013,T19M2+T20M2,"None",864516.4
1320013,T19M2+T20M2,"Bracers, Cloak",964532.5
1320013,T19M2+T20M2,"Insignia, Bracers",985145.5
1320013,T19M2+T20M2,"Insignia, Cloak",964136.8
1320013,T19M2+T20M2,"Mantle, Bracers",1023211.9
1320013,T19M2+T20M2,"Mantle, Cloak",1008442.6
1320013,T19M2+T20M2,"Mantle, Insignia",1022002.1
1320013,T19M2+T20M4,"None",901018.6
1320013,T19M2+T20M4,"Insignia, Bracers",1032063.3
1320013,T19M4+T20M2,"None",906850.1
1320013,T19M4+T20M2,"Insignia, Bracers",1015313.1
1320013,T19M,"Bracers, Cloak",971681.9
1320013,T19M,"Insignia, Bracers",983067.6
1320013,T19M,"Insignia, Cloak",984612.4
1320013,T19M,"Mantle, Bracers",1029054.9
1320013,T19M,"Mantle, Cloak",1035880.5
1320013,T19M,"Mantle, Insignia",1039539.9
1320013,T20M,"None",884047.7
1320013,T20M,"Bracers, Cloak",989351.3
1320013,T20M,"Insignia, Bracers",1009632.8
1320013,T20M,"Insignia, Cloak",986719.0
1320013,T20M,"Mantle, Bracers",1043623.3
1320013,T20M,"Mantle, Cloak",1032316.1
1320013,T20M,"Mantle, Insignia",1045818.6
1320021,T19M,"None",986142.8
1320021,T19M2+T20M2,"None",1014643.4
1320021,T19M2+T20M2,"Bracers, Cloak",1130674.9
1320021,T19M2+T20M2,"Insignia, Bracers",1148020.9
1320021,T19M2+T20M2,"Insignia, Cloak",1132681.4
1320021,T19M2+T20M2,"Mantle, Bracers",1193654.9
1320021,T19M2+T20M2,"Mantle, Cloak",1190752.3
1320021,T19M2+T20M2,"Mantle, Insignia",1194996.9
1320021,T19M2+T20M4,"None",1061793.3
1320021,T19M2+T20M4,"Insignia, Bracers",1201443.4
1320021,T19M4+T20M2,"None",1020139.5
1320021,T19M4+T20M2,"Insignia, Bracers",1145173.0
1320021,T19M,"Bracers, Cloak",1090543.2
1320021,T19M,"Insignia, Bracers",1101742.3
1320021,T19M,"Insignia, Cloak",1096304.5
1320021,T19M,"Mantle, Bracers",1151685.9
1320021,T19M,"Mantle, Cloak",1163256.6
1320021,T19M,"Mantle, Insignia",1157580.9
1320021,T20M,"None",1039521.8
1320021,T20M,"Bracers, Cloak",1158456.6
1320021,T20M,"Insignia, Bracers",1173830.8
1320021,T20M,"Insignia, Cloak",1161815.9
1320021,T20M,"Mantle, Bracers",1220309.5
1320021,T20M,"Mantle, Cloak",1225872.0
1320021,T20M,"Mantle, Insignia",1219814.1
1320022,T19M,"None",996023.0
1320022,T19M2+T20M2,"None",972646.6
1320022,T19M2+T20M2,"Bracers, Cloak",1108963.0
1320022,T19M2+T20M2,"Insignia, Bracers",1130164.5
1320022,T19M2+T20M2,"Insignia, Cloak",1099903.3
1320022,T19M2+T20M2,"Mantle, Bracers",1194044.7
1320022,T19M2+T20M2,"Mantle, Cloak",1168373.0
1320022,T19M2+T20M2,"Mantle, Insignia",1183303.0
1320022,T19M2+T20M4,"None",1019620.0
1320022,T19M2+T20M4,"Insignia, Bracers",1186351.5
1320022,T19M4+T20M2,"None",1027905.3
1320022,T19M4+T20M2,"Insignia, Bracers",1163560.4
1320022,T19M,"Bracers, Cloak",1120247.3
1320022,T19M,"Insignia, Bracers",1124303.7
1320022,T19M,"Insignia, Cloak",1125700.2
1320022,T19M,"Mantle, Bracers",1204425.4
1320022,T19M,"Mantle, Cloak",1209938.6
1320022,T19M,"Mantle, Insignia",1205676.5
1320022,T20M,"None",1001758.0
1320022,T20M,"Bracers, Cloak",1143815.9
1320022,T20M,"Insignia, Bracers",1164556.4
1320022,T20M,"Insignia, Cloak",1135907.7
1320022,T20M,"Mantle, Bracers",1228012.8
1320022,T20M,"Mantle, Cloak",1201936.7
1320022,T20M,"Mantle, Insignia",1215996.4
1320023,T19M,"None",972854.1
1320023,T19M2+T20M2,"None",973179.4
1320023,T19M2+T20M2,"Bracers, Cloak",1099565.5
1320023,T19M2+T20M2,"Insignia, Bracers",1121705.5
1320023,T19M2+T20M2,"Insignia, Cloak",1088548.8
1320023,T19M2+T20M2,"Mantle, Bracers",1172797.2
1320023,T19M2+T20M2,"Mantle, Cloak",1150202.3
1320023,T19M2+T20M2,"Mantle, Insignia",1165331.4
1320023,T19M2+T20M4,"None",1022493.7
1320023,T19M2+T20M4,"Insignia, Bracers",1175013.1
1320023,T19M4+T20M2,"None",1000045.5
1320023,T19M4+T20M2,"Insignia, Bracers",1134765.4
1320023,T19M,"Bracers, Cloak",1086613.8
1320023,T19M,"Insignia, Bracers",1098761.5
1320023,T19M,"Insignia, Cloak",1085130.1
1320023,T19M,"Mantle, Bracers",1163956.3
1320023,T19M,"Mantle, Cloak",1158379.4
1320023,T19M,"Mantle, Insignia",1158378.6
1320023,T20M,"None",997681.6
1320023,T20M,"Bracers, Cloak",1130521.0
1320023,T20M,"Insignia, Bracers",1151001.1
1320023,T20M,"Insignia, Cloak",1115870.4
1320023,T20M,"Mantle, Bracers",1202242.9
1320023,T20M,"Mantle, Cloak",1182720.8
1320023,T20M,"Mantle, Insignia",1193332.3
1320031,T19M,"None",894350.7
1320031,T19M2+T20M2,"None",902368.0
1320031,T19M2+T20M2,"Bracers, Cloak",992068.3
1320031,T19M2+T20M2,"Insignia, Bracers",1005815.9
1320031,T19M2+T20M2,"Insignia, Cloak",1004133.4
1320031,T19M2+T20M2,"Mantle, Bracers",1051623.0
1320031,T19M2+T20M2,"Mantle, Cloak",1060587.2
1320031,T19M2+T20M2,"Mantle, Insignia",1059114.8
1320031,T19M2+T20M4,"None",943593.9
1320031,T19M2+T20M4,"Insignia, Bracers",1053161.1
1320031,T19M4+T20M2,"None",936261.9
1320031,T19M4+T20M2,"Insignia, Bracers",1030787.9
1320031,T19M,"Bracers, Cloak",978799.0
1320031,T19M,"Insignia, Bracers",984251.8
1320031,T19M,"Insignia, Cloak",998662.1
1320031,T19M,"Mantle, Bracers",1039299.0
1320031,T19M,"Mantle, Cloak",1061891.5
1320031,T19M,"Mantle, Insignia",1050673.7
1320031,T20M,"None",917363.5
1320031,T20M,"Bracers, Cloak",1015107.7
1320031,T20M,"Insignia, Bracers",1024070.5
1320031,T20M,"Insignia, Cloak",1026993.0
1320031,T20M,"Mantle, Bracers",1068112.7
1320031,T20M,"Mantle, Cloak",1084642.2
1320031,T20M,"Mantle, Insignia",1083349.1
1320032,T19M,"None",911663.4
1320032,T19M2+T20M2,"None",870105.6
1320032,T19M2+T20M2,"Bracers, Cloak",971799.4
1320032,T19M2+T20M2,"Insignia, Bracers",997014.9
1320032,T19M2+T20M2,"Insignia, Cloak",973402.9
1320032,T19M2+T20M2,"Mantle, Bracers",1050675.0
1320032,T19M2+T20M2,"Mantle, Cloak",1027621.2
1320032,T19M2+T20M2,"Mantle, Insignia",1049643.9
1320032,T19M2+T20M4,"None",902677.2
1320032,T19M2+T20M4,"Insignia, Bracers",1038272.7
1320032,T19M4+T20M2,"None",937417.8
1320032,T19M4+T20M2,"Insignia, Bracers",1044367.6
1320032,T19M,"Bracers, Cloak",1007345.3
1320032,T19M,"Insignia, Bracers",1015454.8
1320032,T19M,"Insignia, Cloak",1026541.8
1320032,T19M,"Mantle, Bracers",1078844.0
1320032,T19M,"Mantle, Cloak",1094963.5
1320032,T19M,"Mantle, Insignia",1094416.8
1320032,T20M,"None",889313.2
1320032,T20M,"Bracers, Cloak",996822.2
1320032,T20M,"Insignia, Bracers",1023076.0
1320032,T20M,"Insignia, Cloak",998469.2
1320032,T20M,"Mantle, Bracers",1075989.6
1320032,T20M,"Mantle, Cloak",1054643.2
1320032,T20M,"Mantle, Insignia",1071816.9
1320033,T19M,"None",906309.0
1320033,T19M2+T20M2,"None",890413.2
1320033,T19M2+T20M2,"Bracers, Cloak",994175.3
1320033,T19M2+T20M2,"Insignia, Bracers",1011723.8
1320033,T19M2+T20M2,"Insignia, Cloak",991535.7
1320033,T19M2+T20M2,"Mantle, Bracers",1061280.9
1320033,T19M2+T20M2,"Mantle, Cloak",1047350.5
1320033,T19M2+T20M2,"Mantle, Insignia",1061138.2
1320033,T19M2+T20M4,"None",930878.5
1320033,T19M2+T20M4,"Insignia, Bracers",1056145.7
1320033,T19M4+T20M2,"None",932572.1
1320033,T19M4+T20M2,"Insignia, Bracers",1040887.7
1320033,T19M,"Bracers, Cloak",997409.6
1320033,T19M,"Insignia, Bracers",1007350.8
1320033,T19M,"Insignia, Cloak",1009833.3
1320033,T19M,"Mantle, Bracers",1064742.3
1320033,T19M,"Mantle, Cloak",1069449.0
1320033,T19M,"Mantle, Insignia",1073617.7
1320033,T20M,"None",911324.3
1320033,T20M,"Bracers, Cloak",1017567.5
1320033,T20M,"Insignia, Bracers",1034544.4
1320033,T20M,"Insignia, Cloak",1016039.2
1320033,T20M,"Mantle, Bracers",1081070.5
1320033,T20M,"Mantle, Cloak",1070389.2
1320033,T20M,"Mantle, Insignia",1083285.3
1330011,T19M,"None",901995.1
1330011,T19M2+T20M2,"None",916823.0
1330011,T19M2+T20M2,"Bracers, Cloak",1005730.8
1330011,T19M2+T20M2,"Insignia, Bracers",1045069.8
1330011,T19M2+T20M2,"Insignia, Cloak",1018758.4
1330011,T19M2+T20M2,"Mantle, Bracers",1062685.4
1330011,T19M2+T20M2,"Mantle, Cloak",1046187.8
1330011,T19M2+T20M2,"Mantle, Insignia",1078835.2
1330011,T19M2+T20M4,"None",949963.2
1330011,T19M2+T20M4,"Insignia, Bracers",1086492.1
1330011,T19M4+T20M2,"None",937080.2
1330011,T19M4+T20M2,"Insignia, Bracers",1053282.9
1330011,T19M,"Bracers, Cloak",984950.3
1330011,T19M,"Insignia, Bracers",1012593.7
1330011,T19M,"Insignia, Cloak",996684.9
1330011,T19M,"Mantle, Bracers",1040324.7
1330011,T19M,"Mantle, Cloak",1042407.4
1330011,T19M,"Mantle, Insignia",1057891.0
1330011,T20M,"None",929458.7
1330011,T20M,"Bracers, Cloak",1022701.2
1330011,T20M,"Insignia, Bracers",1060505.4
1330011,T20M,"Insignia, Cloak",1036863.3
1330011,T20M,"Mantle, Bracers",1078428.9
1330011,T20M,"Mantle, Cloak",1066145.0
1330011,T20M,"Mantle, Insignia",1094821.0
1330012,T19M,"None",895757.8
1330012,T19M2+T20M2,"None",855130.5
1330012,T19M2+T20M2,"Bracers, Cloak",956816.0
1330012,T19M2+T20M2,"Insignia, Bracers",1001277.7
1330012,T19M2+T20M2,"Insignia, Cloak",957089.5
1330012,T19M2+T20M2,"Mantle, Bracers",1039057.4
1330012,T19M2+T20M2,"Mantle, Cloak",999502.7
1330012,T19M2+T20M2,"Mantle, Insignia",1037084.5
1330012,T19M2+T20M4,"None",891763.6
1330012,T19M2+T20M4,"Insignia, Bracers",1043798.9
1330012,T19M4+T20M2,"None",923875.0
1330012,T19M4+T20M2,"Insignia, Bracers",1044378.7
1330012,T19M,"Bracers, Cloak",979294.8
1330012,T19M,"Insignia, Bracers",1009462.9
1330012,T19M,"Insignia, Cloak",1003914.8
1330012,T19M,"Mantle, Bracers",1059377.7
1330012,T19M,"Mantle, Cloak",1052646.0
1330012,T19M,"Mantle, Insignia",1076139.7
1330012,T20M,"None",875033.1
1330012,T20M,"Bracers, Cloak",977119.3
1330012,T20M,"Insignia, Bracers",1020399.7
1330012,T20M,"Insignia, Cloak",977231.0
1330012,T20M,"Mantle, Bracers",1060752.7
1330012,T20M,"Mantle, Cloak",1020718.5
1330012,T20M,"Mantle, Insignia",1057090.9
1330013,T19M,"None",898216.8
1330013,T19M2+T20M2,"None",888728.7
1330013,T19M2+T20M2,"Bracers, Cloak",991342.7
1330013,T19M2+T20M2,"Insignia, Bracers",1025328.7
1330013,T19M2+T20M2,"Insignia, Cloak",987273.0
1330013,T19M2+T20M2,"Mantle, Bracers",1053544.8
1330013,T19M2+T20M2,"Mantle, Cloak",1021828.3
1330013,T19M2+T20M2,"Mantle, Insignia",1053442.0
1330013,T19M2+T20M4,"None",930170.0
1330013,T19M2+T20M4,"Insignia, Bracers",1070892.8
1330013,T19M4+T20M2,"None",925894.9
1330013,T19M4+T20M2,"Insignia, Bracers",1049149.1
1330013,T19M,"Bracers, Cloak",983507.9
1330013,T19M,"Insignia, Bracers",1010969.9
1330013,T19M,"Insignia, Cloak",991659.9
1330013,T19M,"Mantle, Bracers",1049524.6
1330013,T19M,"Mantle, Cloak",1033604.2
1330013,T19M,"Mantle, Insignia",1058022.9
1330013,T20M,"None",909161.3
1330013,T20M,"Bracers, Cloak",1011036.7
1330013,T20M,"Insignia, Bracers",1046673.1
1330013,T20M,"Insignia, Cloak",1008986.7
1330013,T20M,"Mantle, Bracers",1076181.4
1330013,T20M,"Mantle, Cloak",1040698.8
1330013,T20M,"Mantle, Insignia",1073481.2
1330021,T19M,"None",978740.0
1330021,T19M2+T20M2,"None",1013094.3
1330021,T19M2+T20M2,"Bracers, Cloak",1127395.0
1330021,T19M2+T20M2,"Insignia, Bracers",1156050.6
1330021,T19M2+T20M2,"Insignia, Cloak",1115553.0
1330021,T19M2+T20M2,"Mantle, Bracers",1197137.8
1330021,T19M2+T20M2,"Mantle, Cloak",1170191.9
1330021,T19M2+T20M2,"Mantle, Insignia",1189299.3
1330021,T19M2+T20M4,"None",1066746.4
1330021,T19M2+T20M4,"Insignia, Bracers",1213160.8
1330021,T19M4+T20M2,"None",1010274.6
1330021,T19M4+T20M2,"Insignia, Bracers",1149447.9
1330021,T19M,"Bracers, Cloak",1081586.9
1330021,T19M,"Insignia, Bracers",1101724.8
1330021,T19M,"Insignia, Cloak",1077315.0
1330021,T19M,"Mantle, Bracers",1152454.5
1330021,T19M,"Mantle, Cloak",1131235.3
1330021,T19M,"Mantle, Insignia",1148752.6
1330021,T20M,"None",1036934.3
1330021,T20M,"Bracers, Cloak",1156906.1
1330021,T20M,"Insignia, Bracers",1180938.1
1330021,T20M,"Insignia, Cloak",1147985.5
1330021,T20M,"Mantle, Bracers",1223101.3
1330021,T20M,"Mantle, Cloak",1198271.4
1330021,T20M,"Mantle, Insignia",1218034.9
1330022,T19M,"None",1004028.3
1330022,T19M2+T20M2,"None",995244.7
1330022,T19M2+T20M2,"Bracers, Cloak",1128265.7
1330022,T19M2+T20M2,"Insignia, Bracers",1163081.2
1330022,T19M2+T20M2,"Insignia, Cloak",1114005.5
1330022,T19M2+T20M2,"Mantle, Bracers",1215120.6
1330022,T19M2+T20M2,"Mantle, Cloak",1172110.0
1330022,T19M2+T20M2,"Mantle, Insignia",1204852.7
1330022,T19M2+T20M4,"None",1045607.6
1330022,T19M2+T20M4,"Insignia, Bracers",1224138.0
1330022,T19M4+T20M2,"None",1037987.7
1330022,T19M4+T20M2,"Insignia, Bracers",1185557.6
1330022,T19M,"Bracers, Cloak",1119140.5
1330022,T19M,"Insignia, Bracers",1144296.3
1330022,T19M,"Insignia, Cloak",1115311.3
1330022,T19M,"Mantle, Bracers",1211767.9
1330022,T19M,"Mantle, Cloak",1188008.1
1330022,T19M,"Mantle, Insignia",1202498.3
1330022,T20M,"None",1021906.5
1330022,T20M,"Bracers, Cloak",1158602.7
1330022,T20M,"Insignia, Bracers",1195629.3
1330022,T20M,"Insignia, Cloak",1148096.7
1330022,T20M,"Mantle, Bracers",1248596.4
1330022,T20M,"Mantle, Cloak",1204025.9
1330022,T20M,"Mantle, Insignia",1238838.6
1330023,T19M,"None",974656.6
1330023,T19M2+T20M2,"None",990548.1
1330023,T19M2+T20M2,"Bracers, Cloak",1118004.9
1330023,T19M2+T20M2,"Insignia, Bracers",1150129.5
1330023,T19M2+T20M2,"Insignia, Cloak",1098336.9
1330023,T19M2+T20M2,"Mantle, Bracers",1193562.7
1330023,T19M2+T20M2,"Mantle, Cloak",1147118.6
1330023,T19M2+T20M2,"Mantle, Insignia",1176319.0
1330023,T19M2+T20M4,"None",1040562.0
1330023,T19M2+T20M4,"Insignia, Bracers",1208699.7
1330023,T19M4+T20M2,"None",1005871.3
1330023,T19M4+T20M2,"Insignia, Bracers",1152837.0
1330023,T19M,"Bracers, Cloak",1084507.7
1330023,T19M,"Insignia, Bracers",1110220.8
1330023,T19M,"Insignia, Cloak",1079500.6
1330023,T19M,"Mantle, Bracers",1168928.1
1330023,T19M,"Mantle, Cloak",1137430.7
1330023,T19M,"Mantle, Insignia",1158700.0
1330023,T20M,"None",1015396.8
1330023,T20M,"Bracers, Cloak",1145585.0
1330023,T20M,"Insignia, Bracers",1176620.3
1330023,T20M,"Insignia, Cloak",1125107.2
1330023,T20M,"Mantle, Bracers",1223478.2
1330023,T20M,"Mantle, Cloak",1174689.7
1330023,T20M,"Mantle, Insignia",1204930.2
1330031,T19M,"None",921698.1
1330031,T19M2+T20M2,"None",938113.6
1330031,T19M2+T20M2,"Bracers, Cloak",1029926.0
1330031,T19M2+T20M2,"Insignia, Bracers",1065169.8
1330031,T19M2+T20M2,"Insignia, Cloak",1041990.1
1330031,T19M2+T20M2,"Mantle, Bracers",1093744.9
1330031,T19M2+T20M2,"Mantle, Cloak",1076182.6
1330031,T19M2+T20M2,"Mantle, Insignia",1106306.2
1330031,T19M2+T20M4,"None",972216.6
1330031,T19M2+T20M4,"Insignia, Bracers",1108435.8
1330031,T19M4+T20M2,"None",956590.0
1330031,T19M4+T20M2,"Insignia, Bracers",1073515.2
1330031,T19M,"Bracers, Cloak",1003051.8
1330031,T19M,"Insignia, Bracers",1027955.8
1330031,T19M,"Insignia, Cloak",1016458.4
1330031,T19M,"Mantle, Bracers",1066487.5
1330031,T19M,"Mantle, Cloak",1063460.8
1330031,T19M,"Mantle, Insignia",1082126.3
1330031,T20M,"None",953967.4
1330031,T20M,"Bracers, Cloak",1049651.3
1330031,T20M,"Insignia, Bracers",1080707.3
1330031,T20M,"Insignia, Cloak",1060940.7
1330031,T20M,"Mantle, Bracers",1107969.2
1330031,T20M,"Mantle, Cloak",1098033.3
1330031,T20M,"Mantle, Insignia",1125059.2
1330032,T19M,"None",938802.0
1330032,T19M2+T20M2,"None",912314.6
1330032,T19M2+T20M2,"Bracers, Cloak",1020834.2
1330032,T19M2+T20M2,"Insignia, Bracers",1055578.5
1330032,T19M2+T20M2,"Insignia, Cloak",1016841.2
1330032,T19M2+T20M2,"Mantle, Bracers",1102813.6
1330032,T19M2+T20M2,"Mantle, Cloak",1066060.5
1330032,T19M2+T20M2,"Mantle, Insignia",1097191.7
1330032,T19M2+T20M4,"None",954638.1
1330032,T19M2+T20M4,"Insignia, Bracers",1104057.0
1330032,T19M4+T20M2,"None",968202.2
1330032,T19M4+T20M2,"Insignia, Bracers",1089941.7
1330032,T19M,"Bracers, Cloak",1033229.4
1330032,T19M,"Insignia, Bracers",1054066.2
1330032,T19M,"Insignia, Cloak",1042877.6
1330032,T19M,"Mantle, Bracers",1110722.2
1330032,T19M,"Mantle, Cloak",1103972.5
1330032,T19M,"Mantle, Insignia",1119283.9
1330032,T20M,"None",934217.5
1330032,T20M,"Bracers, Cloak",1045387.5
1330032,T20M,"Insignia, Bracers",1078970.6
1330032,T20M,"Insignia, Cloak",1040723.6
1330032,T20M,"Mantle, Bracers",1126033.2
1330032,T20M,"Mantle, Cloak",1088859.2
1330032,T20M,"Mantle, Insignia",1118823.3
1330033,T19M,"None",922747.6
1330033,T19M2+T20M2,"None",923961.4
1330033,T19M2+T20M2,"Bracers, Cloak",1030813.7
1330033,T19M2+T20M2,"Insignia, Bracers",1060813.7
1330033,T19M2+T20M2,"Insignia, Cloak",1022749.1
1330033,T19M2+T20M2,"Mantle, Bracers",1100042.1
1330033,T19M2+T20M2,"Mantle, Cloak",1067108.6
1330033,T19M2+T20M2,"Mantle, Insignia",1096519.1
1330033,T19M2+T20M4,"None",964676.8
1330033,T19M2+T20M4,"Insignia, Bracers",1107604.3
1330033,T19M4+T20M2,"None",952118.7
1330033,T19M4+T20M2,"Insignia, Bracers",1075912.1
1330033,T19M,"Bracers, Cloak",1015757.8
1330033,T19M,"Insignia, Bracers",1037916.1
1330033,T19M,"Insignia, Cloak",1019423.2
1330033,T19M,"Mantle, Bracers",1085791.1
1330033,T19M,"Mantle, Cloak",1071072.6
1330033,T19M,"Mantle, Insignia",1092097.3
1330033,T20M,"None",944270.3
1330033,T20M,"Bracers, Cloak",1052691.5
1330033,T20M,"Insignia, Bracers",1081715.0
1330033,T20M,"Insignia, Cloak",1046214.3
1330033,T20M,"Mantle, Bracers",1118376.2
1330033,T20M,"Mantle, Cloak",1088977.2
1330033,T20M,"Mantle, Insignia",1116577.7
2310011,T19M,"None",895762.1
2310011,T19M2+T20M2,"None",915131.3
2310011,T19M2+T20M2,"Bracers, Cloak",1007443.0
2310011,T19M2+T20M2,"Insignia, Bracers",1040142.8
2310011,T19M2+T20M2,"Insignia, Cloak",1019346.7
2310011,T19M2+T20M2,"Mantle, Bracers",1065233.4
2310011,T19M2+T20M2,"Mantle, Cloak",1055871.4
2310011,T19M2+T20M2,"Mantle, Insignia",1076453.4
2310011,T19M2+T20M4,"None",948181.6
2310011,T19M2+T20M4,"Insignia, Bracers",1079025.0
2310011,T19M4+T20M2,"None",932317.4
2310011,T19M4+T20M2,"Insignia, Bracers",1045000.9
2310011,T19M,"Bracers, Cloak",979166.4
2310011,T19M,"Insignia, Bracers",1001898.5
2310011,T19M,"Insignia, Cloak",997162.6
2310011,T19M,"Mantle, Bracers",1033579.1
2310011,T19M,"Mantle, Cloak",1044694.0
2310011,T19M,"Mantle, Insignia",1052746.9
2310011,T20M,"None",925564.9
2310011,T20M,"Bracers, Cloak",1019374.2
2310011,T20M,"Insignia, Bracers",1052779.3
2310011,T20M,"Insignia, Cloak",1034038.0
2310011,T20M,"Mantle, Bracers",1075423.7
2310011,T20M,"Mantle, Cloak",1070821.3
2310011,T20M,"Mantle, Insignia",1088959.4
2310012,T19M,"None",896706.7
2310012,T19M2+T20M2,"None",865969.5
2310012,T19M2+T20M2,"Bracers, Cloak",979349.0
2310012,T19M2+T20M2,"Insignia, Bracers",1009783.4
2310012,T19M2+T20M2,"Insignia, Cloak",972984.3
2310012,T19M2+T20M2,"Mantle, Bracers",1060291.9
2310012,T19M2+T20M2,"Mantle, Cloak",1026901.9
2310012,T19M2+T20M2,"Mantle, Insignia",1054157.0
2310012,T19M2+T20M4,"None",900827.1
2310012,T19M2+T20M4,"Insignia, Bracers",1052398.2
2310012,T19M4+T20M2,"None",928006.4
2310012,T19M4+T20M2,"Insignia, Bracers",1050396.6
2310012,T19M,"Bracers, Cloak",990768.9
2310012,T19M,"Insignia, Bracers",1009938.8
2310012,T19M,"Insignia, Cloak",1011449.1
2310012,T19M,"Mantle, Bracers",1072803.8
2310012,T19M,"Mantle, Cloak",1073733.8
2310012,T19M,"Mantle, Insignia",1085527.1
2310012,T20M,"None",879724.9
2310012,T20M,"Bracers, Cloak",995592.0
2310012,T20M,"Insignia, Bracers",1027139.4
2310012,T20M,"Insignia, Cloak",989804.2
2310012,T20M,"Mantle, Bracers",1074383.7
2310012,T20M,"Mantle, Cloak",1043561.8
2310012,T20M,"Mantle, Insignia",1068499.7
2310013,T19M,"None",900907.4
2310013,T19M2+T20M2,"None",896207.5
2310013,T19M2+T20M2,"Bracers, Cloak",1002616.7
2310013,T19M2+T20M2,"Insignia, Bracers",1030648.2
2310013,T19M2+T20M2,"Insignia, Cloak",998680.2
2310013,T19M2+T20M2,"Mantle, Bracers",1066693.7
2310013,T19M2+T20M2,"Mantle, Cloak",1045454.9
2310013,T19M2+T20M2,"Mantle, Insignia",1065097.8
2310013,T19M2+T20M4,"None",938384.8
2310013,T19M2+T20M4,"Insignia, Bracers",1076263.4
2310013,T19M4+T20M2,"None",935097.8
2310013,T19M4+T20M2,"Insignia, Bracers",1052453.1
2310013,T19M,"Bracers, Cloak",992351.3
2310013,T19M,"Insignia, Bracers",1012198.4
2310013,T19M,"Insignia, Cloak",1002306.4
2310013,T19M,"Mantle, Bracers",1058957.0
2310013,T19M,"Mantle, Cloak",1055567.5
2310013,T19M,"Mantle, Insignia",1067420.9
2310013,T20M,"None",911670.0
2310013,T20M,"Bracers, Cloak",1022435.3
2310013,T20M,"Insignia, Bracers",1047331.3
2310013,T20M,"Insignia, Cloak",1016873.0
2310013,T20M,"Mantle, Bracers",1082097.2
2310013,T20M,"Mantle, Cloak",1062780.2
2310013,T20M,"Mantle, Insignia",1081597.8
2310021,T19M,"None",987973.1
2310021,T19M2+T20M2,"None",1024327.3
2310021,T19M2+T20M2,"Bracers, Cloak",1144517.6
2310021,T19M2+T20M2,"Insignia, Bracers",1167040.0
2310021,T19M2+T20M2,"Insignia, Cloak",1139428.3
2310021,T19M2+T20M2,"Mantle, Bracers",1209392.3
2310021,T19M2+T20M2,"Mantle, Cloak",1196726.6
2310021,T19M2+T20M2,"Mantle, Insignia",1206665.0
2310021,T19M2+T20M4,"None",1072118.5
2310021,T19M2+T20M4,"Insignia, Bracers",1221473.9
2310021,T19M4+T20M2,"None",1025550.0
2310021,T19M4+T20M2,"Insignia, Bracers",1163621.2
2310021,T19M,"Bracers, Cloak",1092409.3
2310021,T19M,"Insignia, Bracers",1113160.2
2310021,T19M,"Insignia, Cloak",1100026.6
2310021,T19M,"Mantle, Bracers",1159081.4
2310021,T19M,"Mantle, Cloak",1158800.4
2310021,T19M,"Mantle, Insignia",1163628.2
2310021,T20M,"None",1041847.2
2310021,T20M,"Bracers, Cloak",1165420.6
2310021,T20M,"Insignia, Bracers",1188812.6
2310021,T20M,"Insignia, Cloak",1162180.3
2310021,T20M,"Mantle, Bracers",1228685.8
2310021,T20M,"Mantle, Cloak",1223357.5
2310021,T20M,"Mantle, Insignia",1231839.3
2310022,T19M,"None",1008820.8
2310022,T19M2+T20M2,"None",1002662.8
2310022,T19M2+T20M2,"Bracers, Cloak",1150753.1
2310022,T19M2+T20M2,"Insignia, Bracers",1174109.6
2310022,T19M2+T20M2,"Insignia, Cloak",1131819.6
2310022,T19M2+T20M2,"Mantle, Bracers",1240274.0
2310022,T19M2+T20M2,"Mantle, Cloak",1205179.1
2310022,T19M2+T20M2,"Mantle, Insignia",1225721.9
2310022,T19M2+T20M4,"None",1049368.5
2310022,T19M2+T20M4,"Insignia, Bracers",1232488.7
2310022,T19M4+T20M2,"None",1048392.7
2310022,T19M4+T20M2,"Insignia, Bracers",1198162.7
2310022,T19M,"Bracers, Cloak",1141125.3
2310022,T19M,"Insignia, Bracers",1150468.5
2310022,T19M,"Insignia, Cloak",1139436.1
2310022,T19M,"Mantle, Bracers",1233215.6
2310022,T19M,"Mantle, Cloak",1227009.7
2310022,T19M,"Mantle, Insignia",1229011.0
2310022,T20M,"None",1024713.8
2310022,T20M,"Bracers, Cloak",1173370.1
2310022,T20M,"Insignia, Bracers",1201500.5
2310022,T20M,"Insignia, Cloak",1161881.0
2310022,T20M,"Mantle, Bracers",1265663.4
2310022,T20M,"Mantle, Cloak",1234383.8
2310022,T20M,"Mantle, Insignia",1253360.3
2310023,T19M,"None",983413.4
2310023,T19M2+T20M2,"None",999230.0
2310023,T19M2+T20M2,"Bracers, Cloak",1136971.5
2310023,T19M2+T20M2,"Insignia, Bracers",1157357.5
2310023,T19M2+T20M2,"Insignia, Cloak",1116800.7
2310023,T19M2+T20M2,"Mantle, Bracers",1213806.2
2310023,T19M2+T20M2,"Mantle, Cloak",1177283.3
2310023,T19M2+T20M2,"Mantle, Insignia",1196075.6
2310023,T19M2+T20M4,"None",1048846.5
2310023,T19M2+T20M4,"Insignia, Bracers",1214567.9
2310023,T19M4+T20M2,"None",1021429.5
2310023,T19M4+T20M2,"Insignia, Bracers",1164029.6
2310023,T19M,"Bracers, Cloak",1106225.8
2310023,T19M,"Insignia, Bracers",1120735.7
2310023,T19M,"Insignia, Cloak",1097638.9
2310023,T19M,"Mantle, Bracers",1184732.1
2310023,T19M,"Mantle, Cloak",1171398.4
2310023,T19M,"Mantle, Insignia",1181111.3
2310023,T20M,"None",1018523.1
2310023,T20M,"Bracers, Cloak",1157183.1
2310023,T20M,"Insignia, Bracers",1179167.7
2310023,T20M,"Insignia, Cloak",1139929.6
2310023,T20M,"Mantle, Bracers",1233595.6
2310023,T20M,"Mantle, Cloak",1203813.4
2310023,T20M,"Mantle, Insignia",1218682.2
2310031,T19M,"None",896492.7
2310031,T19M2+T20M2,"None",914306.4
2310031,T19M2+T20M2,"Bracers, Cloak",1006116.3
2310031,T19M2+T20M2,"Insignia, Bracers",1033577.9
2310031,T19M2+T20M2,"Insignia, Cloak",1017091.4
2310031,T19M2+T20M2,"Mantle, Bracers",1071359.6
2310031,T19M2+T20M2,"Mantle, Cloak",1072343.8
2310031,T19M2+T20M2,"Mantle, Insignia",1083551.4
2310031,T19M2+T20M4,"None",961885.3
2310031,T19M2+T20M4,"Insignia, Bracers",1077713.4
2310031,T19M4+T20M2,"None",942529.9
2310031,T19M4+T20M2,"Insignia, Bracers",1045573.6
2310031,T19M,"Bracers, Cloak",979666.3
2310031,T19M,"Insignia, Bracers",996395.4
2310031,T19M,"Insignia, Cloak",999511.3
2310031,T19M,"Mantle, Bracers",1042494.3
2310031,T19M,"Mantle, Cloak",1060208.2
2310031,T19M,"Mantle, Insignia",1061578.2
2310031,T20M,"None",926752.3
2310031,T20M,"Bracers, Cloak",1022631.8
2310031,T20M,"Insignia, Bracers",1045892.6
2310031,T20M,"Insignia, Cloak",1035950.9
2310031,T20M,"Mantle, Bracers",1085129.6
2310031,T20M,"Mantle, Cloak",1092277.5
2310031,T20M,"Mantle, Insignia",1097165.8
2310032,T19M,"None",922930.3
2310032,T19M2+T20M2,"None",894835.8
2310032,T19M2+T20M2,"Bracers, Cloak",1013384.5
2310032,T19M2+T20M2,"Insignia, Bracers",1042702.1
2310032,T19M2+T20M2,"Insignia, Cloak",1006682.7
2310032,T19M2+T20M2,"Mantle, Bracers",1096149.8
2310032,T19M2+T20M2,"Mantle, Cloak",1065750.9
2310032,T19M2+T20M2,"Mantle, Insignia",1089563.8
2310032,T19M2+T20M4,"None",932891.0
2310032,T19M2+T20M4,"Insignia, Bracers",1083707.6
2310032,T19M4+T20M2,"None",957886.6
2310032,T19M4+T20M2,"Insignia, Bracers",1074626.8
2310032,T19M,"Bracers, Cloak",1022875.4
2310032,T19M,"Insignia, Bracers",1038897.4
2310032,T19M,"Insignia, Cloak",1041086.1
2310032,T19M,"Mantle, Bracers",1105603.3
2310032,T19M,"Mantle, Cloak",1110361.2
2310032,T19M,"Mantle, Insignia",1118186.7
2310032,T20M,"None",910701.3
2310032,T20M,"Bracers, Cloak",1030902.4
2310032,T20M,"Insignia, Bracers",1055722.8
2310032,T20M,"Insignia, Cloak",1022275.9
2310032,T20M,"Mantle, Bracers",1111894.4
2310032,T20M,"Mantle, Cloak",1084908.1
2310032,T20M,"Mantle, Insignia",1107370.1
2310033,T19M,"None",919392.2
2310033,T19M2+T20M2,"None",918589.7
2310033,T19M2+T20M2,"Bracers, Cloak",1029967.7
2310033,T19M2+T20M2,"Insignia, Bracers",1052670.2
2310033,T19M2+T20M2,"Insignia, Cloak",1023908.0
2310033,T19M2+T20M2,"Mantle, Bracers",1100326.0
2310033,T19M2+T20M2,"Mantle, Cloak",1079820.5
2310033,T19M2+T20M2,"Mantle, Insignia",1098328.0
2310033,T19M2+T20M4,"None",960117.9
2310033,T19M2+T20M4,"Insignia, Bracers",1098788.6
2310033,T19M4+T20M2,"None",953187.1
2310033,T19M4+T20M2,"Insignia, Bracers",1074229.3
2310033,T19M,"Bracers, Cloak",1015758.6
2310033,T19M,"Insignia, Bracers",1030880.0
2310033,T19M,"Insignia, Cloak",1024237.1
2310033,T19M,"Mantle, Bracers",1090535.9
2310033,T19M,"Mantle, Cloak",1084657.6
2310033,T19M,"Mantle, Insignia",1095534.8
2310033,T20M,"None",933643.2
2310033,T20M,"Bracers, Cloak",1048451.1
2310033,T20M,"Insignia, Bracers",1069319.6
2310033,T20M,"Insignia, Cloak",1041007.7
2310033,T20M,"Mantle, Bracers",1118762.5
2310033,T20M,"Mantle, Cloak",1097123.9
2310033,T20M,"Mantle, Insignia",1114520.8
2320011,T19M,"None",875742.4
2320011,T19M2+T20M2,"None",887701.2
2320011,T19M2+T20M2,"Bracers, Cloak",980516.6
2320011,T19M2+T20M2,"Insignia, Bracers",1006812.3
2320011,T19M2+T20M2,"Insignia, Cloak",990190.8
2320011,T19M2+T20M2,"Mantle, Bracers",1031086.0
2320011,T19M2+T20M2,"Mantle, Cloak",1027626.6
2320011,T19M2+T20M2,"Mantle, Insignia",1040600.3
2320011,T19M2+T20M4,"None",922854.4
2320011,T19M2+T20M4,"Insignia, Bracers",1047493.7
2320011,T19M4+T20M2,"None",909668.4
2320011,T19M4+T20M2,"Insignia, Bracers",1018495.6
2320011,T19M,"Bracers, Cloak",962106.5
2320011,T19M,"Insignia, Bracers",974980.2
2320011,T19M,"Insignia, Cloak",975923.4
2320011,T19M,"Mantle, Bracers",1010338.6
2320011,T19M,"Mantle, Cloak",1026426.3
2320011,T19M,"Mantle, Insignia",1025888.1
2320011,T20M,"None",900240.1
2320011,T20M,"Bracers, Cloak",996775.5
2320011,T20M,"Insignia, Bracers",1021371.9
2320011,T20M,"Insignia, Cloak",1009540.9
2320011,T20M,"Mantle, Bracers",1044543.0
2320011,T20M,"Mantle, Cloak",1047152.4
2320011,T20M,"Mantle, Insignia",1056945.6
2320012,T19M,"None",876418.1
2320012,T19M2+T20M2,"None",835595.2
2320012,T19M2+T20M2,"Bracers, Cloak",945061.4
2320012,T19M2+T20M2,"Insignia, Bracers",972858.1
2320012,T19M2+T20M2,"Insignia, Cloak",935220.0
2320012,T19M2+T20M2,"Mantle, Bracers",1023844.7
2320012,T19M2+T20M2,"Mantle, Cloak",990546.1
2320012,T19M2+T20M2,"Mantle, Insignia",1014594.5
2320012,T19M2+T20M4,"None",869945.4
2320012,T19M2+T20M4,"Insignia, Bracers",1014312.9
2320012,T19M4+T20M2,"None",903807.9
2320012,T19M4+T20M2,"Insignia, Bracers",1022605.1
2320012,T19M,"Bracers, Cloak",972511.0
2320012,T19M,"Insignia, Bracers",986145.2
2320012,T19M,"Insignia, Cloak",985622.9
2320012,T19M,"Mantle, Bracers",1047940.7
2320012,T19M,"Mantle, Cloak",1047006.5
2320012,T19M,"Mantle, Insignia",1056832.3
2320012,T20M,"None",849324.3
2320012,T20M,"Bracers, Cloak",964416.7
2320012,T20M,"Insignia, Bracers",991568.2
2320012,T20M,"Insignia, Cloak",956214.7
2320012,T20M,"Mantle, Bracers",1041658.5
2320012,T20M,"Mantle, Cloak",1010617.4
2320012,T20M,"Mantle, Insignia",1033154.7
2320013,T19M,"None",872001.0
2320013,T19M2+T20M2,"None",861701.3
2320013,T19M2+T20M2,"Bracers, Cloak",970937.5
2320013,T19M2+T20M2,"Insignia, Bracers",991842.6
2320013,T19M2+T20M2,"Insignia, Cloak",961499.2
2320013,T19M2+T20M2,"Mantle, Bracers",1031968.0
2320013,T19M2+T20M2,"Mantle, Cloak",1008103.9
2320013,T19M2+T20M2,"Mantle, Insignia",1023612.0
2320013,T19M2+T20M4,"None",900433.6
2320013,T19M2+T20M4,"Insignia, Bracers",1036505.7
2320013,T19M4+T20M2,"None",903940.0
2320013,T19M4+T20M2,"Insignia, Bracers",1019719.8
2320013,T19M,"Bracers, Cloak",970515.9
2320013,T19M,"Insignia, Bracers",980422.5
2320013,T19M,"Insignia, Cloak",974240.3
2320013,T19M,"Mantle, Bracers",1031637.5
2320013,T19M,"Mantle, Cloak",1028399.2
2320013,T19M,"Mantle, Insignia",1032792.7
2320013,T20M,"None",881211.2
2320013,T20M,"Bracers, Cloak",989982.8
2320013,T20M,"Insignia, Bracers",1009342.3
2320013,T20M,"Insignia, Cloak",981799.8
2320013,T20M,"Mantle, Bracers",1048179.8
2320013,T20M,"Mantle, Cloak",1028334.0
2320013,T20M,"Mantle, Insignia",1042874.4
2320021,T19M,"None",957620.0
2320021,T19M2+T20M2,"None",993077.6
2320021,T19M2+T20M2,"Bracers, Cloak",1110585.5
2320021,T19M2+T20M2,"Insignia, Bracers",1126764.6
2320021,T19M2+T20M2,"Insignia, Cloak",1102694.0
2320021,T19M2+T20M2,"Mantle, Bracers",1171701.3
2320021,T19M2+T20M2,"Mantle, Cloak",1165527.1
2320021,T19M2+T20M2,"Mantle, Insignia",1169736.7
2320021,T19M2+T20M4,"None",1038247.1
2320021,T19M2+T20M4,"Insignia, Bracers",1179603.4
2320021,T19M4+T20M2,"None",994513.9
2320021,T19M4+T20M2,"Insignia, Bracers",1124402.7
2320021,T19M,"Bracers, Cloak",1063854.7
2320021,T19M,"Insignia, Bracers",1074478.3
2320021,T19M,"Insignia, Cloak",1065165.8
2320021,T19M,"Mantle, Bracers",1127533.6
2320021,T19M,"Mantle, Cloak",1133001.9
2320021,T19M,"Mantle, Insignia",1134130.3
2320021,T20M,"None",1012056.4
2320021,T20M,"Bracers, Cloak",1134758.6
2320021,T20M,"Insignia, Bracers",1148547.2
2320021,T20M,"Insignia, Cloak",1131401.4
2320021,T20M,"Mantle, Bracers",1196521.5
2320021,T20M,"Mantle, Cloak",1196716.7
2320021,T20M,"Mantle, Insignia",1198114.1
2320022,T19M,"None",983409.8
2320022,T19M2+T20M2,"None",968059.2
2320022,T19M2+T20M2,"Bracers, Cloak",1108510.2
2320022,T19M2+T20M2,"Insignia, Bracers",1130618.7
2320022,T19M2+T20M2,"Insignia, Cloak",1091122.8
2320022,T19M2+T20M2,"Mantle, Bracers",1195267.2
2320022,T19M2+T20M2,"Mantle, Cloak",1162685.5
2320022,T19M2+T20M2,"Mantle, Insignia",1178856.5
2320022,T19M2+T20M4,"None",1013506.7
2320022,T19M2+T20M4,"Insignia, Bracers",1185940.3
2320022,T19M4+T20M2,"None",1017186.4
2320022,T19M4+T20M2,"Insignia, Bracers",1160910.2
2320022,T19M,"Bracers, Cloak",1111554.7
2320022,T19M,"Insignia, Bracers",1115059.2
2320022,T19M,"Insignia, Cloak",1106489.6
2320022,T19M,"Mantle, Bracers",1197142.4
2320022,T19M,"Mantle, Cloak",1194370.1
2320022,T19M,"Mantle, Insignia",1190141.9
2320022,T20M,"None",992321.9
2320022,T20M,"Bracers, Cloak",1137200.4
2320022,T20M,"Insignia, Bracers",1159242.5
2320022,T20M,"Insignia, Cloak",1121222.9
2320022,T20M,"Mantle, Bracers",1225657.5
2320022,T20M,"Mantle, Cloak",1195173.2
2320022,T20M,"Mantle, Insignia",1206268.5
2320023,T19M,"None",953294.7
2320023,T19M2+T20M2,"None",961496.6
2320023,T19M2+T20M2,"Bracers, Cloak",1092090.2
2320023,T19M2+T20M2,"Insignia, Bracers",1113213.4
2320023,T19M2+T20M2,"Insignia, Cloak",1072068.4
2320023,T19M2+T20M2,"Mantle, Bracers",1170803.9
2320023,T19M2+T20M2,"Mantle, Cloak",1135047.9
2320023,T19M2+T20M2,"Mantle, Insignia",1149032.2
2320023,T19M2+T20M4,"None",1010051.2
2320023,T19M2+T20M4,"Insignia, Bracers",1169453.1
2320023,T19M4+T20M2,"None",985774.1
2320023,T19M4+T20M2,"Insignia, Bracers",1126652.0
2320023,T19M,"Bracers, Cloak",1075977.0
2320023,T19M,"Insignia, Bracers",1082815.1
2320023,T19M,"Insignia, Cloak",1065041.2
2320023,T19M,"Mantle, Bracers",1152654.7
2320023,T19M,"Mantle, Cloak",1138577.7
2320023,T19M,"Mantle, Insignia",1143044.8
2320023,T20M,"None",983097.1
2320023,T20M,"Bracers, Cloak",1122121.6
2320023,T20M,"Insignia, Bracers",1138395.1
2320023,T20M,"Insignia, Cloak",1099761.4
2320023,T20M,"Mantle, Bracers",1191920.1
2320023,T20M,"Mantle, Cloak",1166155.2
2320023,T20M,"Mantle, Insignia",1173328.0
2320031,T19M,"None",875182.4
2320031,T19M2+T20M2,"None",890023.0
2320031,T19M2+T20M2,"Bracers, Cloak",983221.9
2320031,T19M2+T20M2,"Insignia, Bracers",998206.8
2320031,T19M2+T20M2,"Insignia, Cloak",990530.4
2320031,T19M2+T20M2,"Mantle, Bracers",1043806.9
2320031,T19M2+T20M2,"Mantle, Cloak",1045876.3
2320031,T19M2+T20M2,"Mantle, Insignia",1049435.6
2320031,T19M2+T20M4,"None",933271.1
2320031,T19M2+T20M4,"Insignia, Bracers",1046224.7
2320031,T19M4+T20M2,"None",920447.5
2320031,T19M4+T20M2,"Insignia, Bracers",1018810.0
2320031,T19M,"Bracers, Cloak",962212.3
2320031,T19M,"Insignia, Bracers",971203.3
2320031,T19M,"Insignia, Cloak",978455.0
2320031,T19M,"Mantle, Bracers",1021648.1
2320031,T19M,"Mantle, Cloak",1039895.0
2320031,T19M,"Mantle, Insignia",1032481.4
2320031,T20M,"None",905007.6
2320031,T20M,"Bracers, Cloak",1002813.8
2320031,T20M,"Insignia, Bracers",1014965.0
2320031,T20M,"Insignia, Cloak",1010990.4
2320031,T20M,"Mantle, Bracers",1058589.9
2320031,T20M,"Mantle, Cloak",1068770.3
2320031,T20M,"Mantle, Insignia",1065810.4
2320032,T19M,"None",903582.6
2320032,T19M2+T20M2,"None",868320.2
2320032,T19M2+T20M2,"Bracers, Cloak",979144.0
2320032,T19M2+T20M2,"Insignia, Bracers",1005415.9
2320032,T19M2+T20M2,"Insignia, Cloak",972373.8
2320032,T19M2+T20M2,"Mantle, Bracers",1061687.5
2320032,T19M2+T20M2,"Mantle, Cloak",1033211.2
2320032,T19M2+T20M2,"Mantle, Insignia",1050241.0
2320032,T19M2+T20M4,"None",902934.5
2320032,T19M2+T20M4,"Insignia, Bracers",1048690.9
2320032,T19M4+T20M2,"None",935065.5
2320032,T19M4+T20M2,"Insignia, Bracers",1052275.3
2320032,T19M,"Bracers, Cloak",1004658.3
2320032,T19M,"Insignia, Bracers",1011467.0
2320032,T19M,"Insignia, Cloak",1015707.6
2320032,T19M,"Mantle, Bracers",1080774.3
2320032,T19M,"Mantle, Cloak",1087599.2
2320032,T19M,"Mantle, Insignia",1088790.2
2320032,T20M,"None",885572.2
2320032,T20M,"Bracers, Cloak",1001494.2
2320032,T20M,"Insignia, Bracers",1024000.2
2320032,T20M,"Insignia, Cloak",995258.9
2320032,T20M,"Mantle, Bracers",1080281.1
2320032,T20M,"Mantle, Cloak",1052545.1
2320032,T20M,"Mantle, Insignia",1072848.6
2320033,T19M,"None",893852.0
2320033,T19M2+T20M2,"None",884843.3
2320033,T19M2+T20M2,"Bracers, Cloak",996298.7
2320033,T19M2+T20M2,"Insignia, Bracers",1014577.6
2320033,T19M2+T20M2,"Insignia, Cloak",985188.4
2320033,T19M2+T20M2,"Mantle, Bracers",1063316.8
2320033,T19M2+T20M2,"Mantle, Cloak",1040870.2
2320033,T19M2+T20M2,"Mantle, Insignia",1055473.0
2320033,T19M2+T20M4,"None",926307.2
2320033,T19M2+T20M4,"Insignia, Bracers",1058168.9
2320033,T19M4+T20M2,"None",927353.9
2320033,T19M4+T20M2,"Insignia, Bracers",1040644.4
2320033,T19M,"Bracers, Cloak",992509.8
2320033,T19M,"Insignia, Bracers",1002520.3
2320033,T19M,"Insignia, Cloak",992914.5
2320033,T19M,"Mantle, Bracers",1058509.9
2320033,T19M,"Mantle, Cloak",1059631.5
2320033,T19M,"Mantle, Insignia",1062314.9
2320033,T20M,"None",903375.0
2320033,T20M,"Bracers, Cloak",1015648.0
2320033,T20M,"Insignia, Bracers",1032407.3
2320033,T20M,"Insignia, Cloak",1006854.4
2320033,T20M,"Mantle, Bracers",1082187.6
2320033,T20M,"Mantle, Cloak",1062946.6
2320033,T20M,"Mantle, Insignia",1073508.6
2330011,T19M2+T20M2,"None",906139.0
2330011,T19M2+T20M2,"Bracers, Cloak",999462.0
2330011,T19M2+T20M2,"Insignia, Bracers",1034181.3
2330011,T19M2+T20M2,"Insignia, Cloak",1004682.3
2330011,T19M2+T20M2,"Mantle, Bracers",1056371.1
2330011,T19M2+T20M2,"Mantle, Cloak",1036731.0
2330011,T19M2+T20M2,"Mantle, Insignia",1064402.6
2330011,T19M2+T20M4,"None",943870.7
2330011,T19M2+T20M4,"Insignia, Bracers",1076625.3
2330011,T19M4+T20M2,"None",921473.1
2330011,T19M4+T20M2,"Insignia, Bracers",1039104.1
2330011,T19M,"Bracers, Cloak",969097.3
2330011,T19M,"Insignia, Bracers",991437.4
2330011,T19M,"Insignia, Cloak",978416.7
2330011,T19M,"Mantle, Bracers",1026189.8
2330011,T19M,"Mantle, Cloak",1017073.0
2330011,T19M,"Mantle, Insignia",1035271.3
2330011,T20M,"None",919082.6
2330011,T20M,"Bracers, Cloak",1013425.4
2330011,T20M,"Insignia, Bracers",1046766.1
2330011,T20M,"Insignia, Cloak",1021071.0
2330011,T20M,"Mantle, Bracers",1069904.2
2330011,T20M,"Mantle, Cloak",1053756.1
2330011,T20M,"Mantle, Insignia",1078217.3
2330012,T19M,"None",890624.7
2330012,T19M2+T20M2,"None",858687.0
2330012,T19M2+T20M2,"Bracers, Cloak",965171.6
2330012,T19M2+T20M2,"Insignia, Bracers",1007858.3
2330012,T19M2+T20M2,"Insignia, Cloak",957724.0
2330012,T19M2+T20M2,"Mantle, Bracers",1046986.1
2330012,T19M2+T20M2,"Mantle, Cloak",1004228.9
2330012,T19M2+T20M2,"Mantle, Insignia",1038963.9
2330012,T19M2+T20M4,"None",894627.4
2330012,T19M2+T20M4,"Insignia, Bracers",1050595.3
2330012,T19M4+T20M2,"None",924375.5
2330012,T19M4+T20M2,"Insignia, Bracers",1047441.6
2330012,T19M,"Bracers, Cloak",981044.3
2330012,T19M,"Insignia, Bracers",1008317.1
2330012,T19M,"Insignia, Cloak",995465.8
2330012,T19M,"Mantle, Bracers",1062174.2
2330012,T19M,"Mantle, Cloak",1047593.3
2330012,T19M,"Mantle, Insignia",1070251.3
2330012,T20M,"None",872525.0
2330012,T20M,"Bracers, Cloak",980239.5
2330012,T20M,"Insignia, Bracers",1025315.9
2330012,T20M,"Insignia, Cloak",978141.2
2330012,T20M,"Mantle, Bracers",1065041.9
2330012,T20M,"Mantle, Cloak",1022083.5
2330012,T20M,"Mantle, Insignia",1059290.2
2330013,T19M,"None",885664.1
2330013,T19M2+T20M2,"None",887200.2
2330013,T19M2+T20M2,"Bracers, Cloak",991077.3
2330013,T19M2+T20M2,"Insignia, Bracers",1025545.0
2330013,T19M2+T20M2,"Insignia, Cloak",984709.6
2330013,T19M2+T20M2,"Mantle, Bracers",1056433.8
2330013,T19M2+T20M2,"Mantle, Cloak",1019285.6
2330013,T19M2+T20M2,"Mantle, Insignia",1050954.6
2330013,T19M2+T20M4,"None",925464.0
2330013,T19M2+T20M4,"Insignia, Bracers",1073613.3
2330013,T19M4+T20M2,"None",917351.6
2330013,T19M4+T20M2,"Insignia, Bracers",1044536.8
2330013,T19M,"Bracers, Cloak",977317.1
2330013,T19M,"Insignia, Bracers",1003368.6
2330013,T19M,"Insignia, Cloak",982970.5
2330013,T19M,"Mantle, Bracers",1043007.8
2330013,T19M,"Mantle, Cloak",1022937.5
2330013,T19M,"Mantle, Insignia",1045017.4
2330013,T20M,"None",900954.8
2330013,T20M,"Bracers, Cloak",1007032.5
2330013,T20M,"Insignia, Bracers",1041499.5
2330013,T20M,"Insignia, Cloak",1002563.2
2330013,T20M,"Mantle, Bracers",1070601.8
2330013,T20M,"Mantle, Cloak",1034152.6
2330013,T20M,"Mantle, Insignia",1064462.0
2330021,T19M,"None",951298.7
2330021,T19M2+T20M2,"None",989822.0
2330021,T19M2+T20M2,"Bracers, Cloak",1104147.8
2330021,T19M2+T20M2,"Insignia, Bracers",1135308.9
2330021,T19M2+T20M2,"Insignia, Cloak",1088081.3
2330021,T19M2+T20M2,"Mantle, Bracers",1173105.0
2330021,T19M2+T20M2,"Mantle, Cloak",1142247.9
2330021,T19M2+T20M2,"Mantle, Insignia",1160424.7
2330021,T19M2+T20M4,"None",1040637.2
2330021,T19M2+T20M4,"Insignia, Bracers",1188962.1
2330021,T19M4+T20M2,"None",985955.1
2330021,T19M4+T20M2,"Insignia, Bracers",1126661.9
2330021,T19M,"Bracers, Cloak",1057898.2
2330021,T19M,"Insignia, Bracers",1079380.9
2330021,T19M,"Insignia, Cloak",1049883.2
2330021,T19M,"Mantle, Bracers",1124187.0
2330021,T19M,"Mantle, Cloak",1101873.9
2330021,T19M,"Mantle, Insignia",1120524.4
2330021,T20M,"None",1008866.1
2330021,T20M,"Bracers, Cloak",1129322.7
2330021,T20M,"Insignia, Bracers",1155129.5
2330021,T20M,"Insignia, Cloak",1116522.6
2330021,T20M,"Mantle, Bracers",1194936.6
2330021,T20M,"Mantle, Cloak",1169319.4
2330021,T20M,"Mantle, Insignia",1184759.2
2330022,T19M,"None",986025.1
2330022,T19M2+T20M2,"None",987567.5
2330022,T19M2+T20M2,"Bracers, Cloak",1123807.3
2330022,T19M2+T20M2,"Insignia, Bracers",1157039.6
2330022,T19M2+T20M2,"Insignia, Cloak",1104052.3
2330022,T19M2+T20M2,"Mantle, Bracers",1212768.5
2330022,T19M2+T20M2,"Mantle, Cloak",1164370.3
2330022,T19M2+T20M2,"Mantle, Insignia",1193814.7
2330022,T19M2+T20M4,"None",1037745.5
2330022,T19M2+T20M4,"Insignia, Bracers",1218076.4
2330022,T19M4+T20M2,"None",1020567.4
2330022,T19M4+T20M2,"Insignia, Bracers",1175195.6
2330022,T19M,"Bracers, Cloak",1106565.4
2330022,T19M,"Insignia, Bracers",1127306.5
2330022,T19M,"Insignia, Cloak",1094703.2
2330022,T19M,"Mantle, Bracers",1197825.7
2330022,T19M,"Mantle, Cloak",1167452.7
2330022,T19M,"Mantle, Insignia",1186911.1
2330022,T20M,"None",1010812.0
2330022,T20M,"Bracers, Cloak",1149867.3
2330022,T20M,"Insignia, Bracers",1186707.9
2330022,T20M,"Insignia, Cloak",1133307.8
2330022,T20M,"Mantle, Bracers",1239126.8
2330022,T20M,"Mantle, Cloak",1193665.4
2330022,T20M,"Mantle, Insignia",1225814.0
2330023,T19M,"None",956232.8
2330023,T19M2+T20M2,"None",973743.9
2330023,T19M2+T20M2,"Bracers, Cloak",1106698.0
2330023,T19M2+T20M2,"Insignia, Bracers",1138079.9
2330023,T19M2+T20M2,"Insignia, Cloak",1078232.5
2330023,T19M2+T20M2,"Mantle, Bracers",1181901.9
2330023,T19M2+T20M2,"Mantle, Cloak",1130234.3
2330023,T19M2+T20M2,"Mantle, Insignia",1159291.3
2330023,T19M2+T20M4,"None",1024073.4
2330023,T19M2+T20M4,"Insignia, Bracers",1197945.4
2330023,T19M4+T20M2,"None",989606.7
2330023,T19M4+T20M2,"Insignia, Bracers",1141494.2
2330023,T19M,"Bracers, Cloak",1071381.5
2330023,T19M,"Insignia, Bracers",1095610.5
2330023,T19M,"Insignia, Cloak",1058726.9
2330023,T19M,"Mantle, Bracers",1154132.2
2330023,T19M,"Mantle, Cloak",1117556.8
2330023,T19M,"Mantle, Insignia",1139646.8
2330023,T20M,"None",994471.3
2330023,T20M,"Bracers, Cloak",1129946.4
2330023,T20M,"Insignia, Bracers",1161402.9
2330023,T20M,"Insignia, Cloak",1103296.8
2330023,T20M,"Mantle, Bracers",1205964.2
2330023,T20M,"Mantle, Cloak",1153949.6
2330023,T20M,"Mantle, Insignia",1183525.5
2330031,T19M,"None",897052.0
2330031,T19M2+T20M2,"None",924772.5
2330031,T19M2+T20M2,"Bracers, Cloak",1018881.9
2330031,T19M2+T20M2,"Insignia, Bracers",1047772.1
2330031,T19M2+T20M2,"Insignia, Cloak",1022946.2
2330031,T19M2+T20M2,"Mantle, Bracers",1082020.1
2330031,T19M2+T20M2,"Mantle, Cloak",1064482.5
2330031,T19M2+T20M2,"Mantle, Insignia",1090461.8
2330031,T19M2+T20M4,"None",965360.4
2330031,T19M2+T20M4,"Insignia, Bracers",1095060.3
2330031,T19M4+T20M2,"None",935881.6
2330031,T19M4+T20M2,"Insignia, Bracers",1053500.7
2330031,T19M,"Bracers, Cloak",980632.8
2330031,T19M,"Insignia, Bracers",1005518.9
2330031,T19M,"Insignia, Cloak",989023.0
2330031,T19M,"Mantle, Bracers",1047459.7
2330031,T19M,"Mantle, Cloak",1038399.9
2330031,T19M,"Mantle, Insignia",1056804.2
2330031,T20M,"None",940173.6
2330031,T20M,"Bracers, Cloak",1034408.2
2330031,T20M,"Insignia, Bracers",1065961.7
2330031,T20M,"Insignia, Cloak",1041700.4
2330031,T20M,"Mantle, Bracers",1097554.6
2330031,T20M,"Mantle, Cloak",1083806.4
2330031,T20M,"Mantle, Insignia",1109794.7
2330032,T19M,"None",925927.3
2330032,T19M2+T20M2,"None",908919.6
2330032,T19M2+T20M2,"Bracers, Cloak",1024134.7
2330032,T19M2+T20M2,"Insignia, Bracers",1055244.8
2330032,T19M2+T20M2,"Insignia, Cloak",1010792.4
2330032,T19M2+T20M2,"Mantle, Bracers",1104081.0
2330032,T19M2+T20M2,"Mantle, Cloak",1064707.3
2330032,T19M2+T20M2,"Mantle, Insignia",1093607.8
2330032,T19M2+T20M4,"None",951267.7
2330032,T19M2+T20M4,"Insignia, Bracers",1102783.0
2330032,T19M4+T20M2,"None",962136.8
2330032,T19M4+T20M2,"Insignia, Bracers",1088754.8
2330032,T19M,"Bracers, Cloak",1023450.3
2330032,T19M,"Insignia, Bracers",1044386.1
2330032,T19M,"Insignia, Cloak",1028033.5
2330032,T19M,"Mantle, Bracers",1105811.1
2330032,T19M,"Mantle, Cloak",1092635.7
2330032,T19M,"Mantle, Insignia",1106066.7
2330032,T20M,"None",926696.0
2330032,T20M,"Bracers, Cloak",1043532.9
2330032,T20M,"Insignia, Bracers",1074869.6
2330032,T20M,"Insignia, Cloak",1035162.6
2330032,T20M,"Mantle, Bracers",1123517.4
2330032,T20M,"Mantle, Cloak",1083555.0
2330032,T20M,"Mantle, Insignia",1112668.3
2330033,T19M,"None",908051.3
2330033,T19M2+T20M2,"None",914431.8
2330033,T19M2+T20M2,"Bracers, Cloak",1025719.8
2330033,T19M2+T20M2,"Insignia, Bracers",1051146.2
2330033,T19M2+T20M2,"Insignia, Cloak",1011997.0
2330033,T19M2+T20M2,"Mantle, Bracers",1094612.4
2330033,T19M2+T20M2,"Mantle, Cloak",1059462.3
2330033,T19M2+T20M2,"Mantle, Insignia",1083793.4
2330033,T19M2+T20M4,"None",955111.7
2330033,T19M2+T20M4,"Insignia, Bracers",1101572.0
2330033,T19M4+T20M2,"None",939856.5
2330033,T19M4+T20M2,"Insignia, Bracers",1068936.3
2330033,T19M,"Bracers, Cloak",1001529.2
2330033,T19M,"Insignia, Bracers",1023709.9
2330033,T19M,"Insignia, Cloak",1000974.8
2330033,T19M,"Mantle, Bracers",1074578.0
2330033,T19M,"Mantle, Cloak",1052038.1
2330033,T19M,"Mantle, Insignia",1074904.6
2330033,T20M,"None",931669.5
2330033,T20M,"Bracers, Cloak",1043201.8
2330033,T20M,"Insignia, Bracers",1071927.5
2330033,T20M,"Insignia, Cloak",1030215.9
2330033,T20M,"Mantle, Bracers",1111092.4
2330033,T20M,"Mantle, Cloak",1076397.4
2330033,T20M,"Mantle, Insignia",1103011.7
3310011,T19M,"None",892138.5
3310011,T19M2+T20M2,"None",910732.0
3310011,T19M2+T20M2,"Bracers, Cloak",1024605.4
3310011,T19M2+T20M2,"Insignia, Bracers",1057771.7
3310011,T19M2+T20M2,"Insignia, Cloak",1012833.5
3310011,T19M2+T20M2,"Mantle, Bracers",1081356.7
3310011,T19M2+T20M2,"Mantle, Cloak",1048642.3
3310011,T19M2+T20M2,"Mantle, Insignia",1071813.1
3310011,T19M2+T20M4,"None",942821.3
3310011,T19M2+T20M4,"Insignia, Bracers",1099120.2
3310011,T19M4+T20M2,"None",931243.5
3310011,T19M4+T20M2,"Insignia, Bracers",1062245.6
3310011,T19M,"Bracers, Cloak",1001103.1
3310011,T19M,"Insignia, Bracers",1019488.1
3310011,T19M,"Insignia, Cloak",994519.4
3310011,T19M,"Mantle, Bracers",1054747.9
3310011,T19M,"Mantle, Cloak",1040101.2
3310011,T19M,"Mantle, Insignia",1046128.9
3310011,T20M,"None",923205.6
3310011,T20M,"Bracers, Cloak",1042147.9
3310011,T20M,"Insignia, Bracers",1073531.8
3310011,T20M,"Insignia, Cloak",1029650.3
3310011,T20M,"Mantle, Bracers",1097302.0
3310011,T20M,"Mantle, Cloak",1067077.6
3310011,T20M,"Mantle, Insignia",1087088.5
3310012,T19M,"None",901133.2
3310012,T19M2+T20M2,"None",864858.7
3310012,T19M2+T20M2,"Bracers, Cloak",1009566.1
3310012,T19M2+T20M2,"Insignia, Bracers",1043943.6
3310012,T19M2+T20M2,"Insignia, Cloak",969103.8
3310012,T19M2+T20M2,"Mantle, Bracers",1093765.4
3310012,T19M2+T20M2,"Mantle, Cloak",1026552.4
3310012,T19M2+T20M2,"Mantle, Insignia",1051381.1
3310012,T19M2+T20M4,"None",897514.9
3310012,T19M2+T20M4,"Insignia, Bracers",1086691.0
3310012,T19M4+T20M2,"None",930660.8
3310012,T19M4+T20M2,"Insignia, Bracers",1084828.3
3310012,T19M,"Bracers, Cloak",1027132.5
3310012,T19M,"Insignia, Bracers",1047850.0
3310012,T19M,"Insignia, Cloak",1015097.9
3310012,T19M,"Mantle, Bracers",1111877.9
3310012,T19M,"Mantle, Cloak",1075828.4
3310012,T19M,"Mantle, Insignia",1087839.5
3310012,T20M,"None",883248.7
3310012,T20M,"Bracers, Cloak",1029583.8
3310012,T20M,"Insignia, Bracers",1064054.4
3310012,T20M,"Insignia, Cloak",989667.2
3310012,T20M,"Mantle, Bracers",1113258.8
3310012,T20M,"Mantle, Cloak",1044896.4
3310012,T20M,"Mantle, Insignia",1070447.3
3310013,T19M,"None",905509.1
3310013,T19M2+T20M2,"None",904501.9
3310013,T19M2+T20M2,"Bracers, Cloak",1032844.2
3310013,T19M2+T20M2,"Insignia, Bracers",1064155.1
3310013,T19M2+T20M2,"Insignia, Cloak",1004031.3
3310013,T19M2+T20M2,"Mantle, Bracers",1104216.8
3310013,T19M2+T20M2,"Mantle, Cloak",1052392.0
3310013,T19M2+T20M2,"Mantle, Insignia",1073703.6
3310013,T19M2+T20M4,"None",943783.1
3310013,T19M2+T20M4,"Insignia, Bracers",1112932.3
3310013,T19M4+T20M2,"None",942994.7
3310013,T19M4+T20M2,"Insignia, Bracers",1085953.0
3310013,T19M,"Bracers, Cloak",1028376.8
3310013,T19M,"Insignia, Bracers",1044653.3
3310013,T19M,"Insignia, Cloak",1010380.5
3310013,T19M,"Mantle, Bracers",1094538.8
3310013,T19M,"Mantle, Cloak",1064244.4
3310013,T19M,"Mantle, Insignia",1072279.1
3310013,T20M,"None",921380.1
3310013,T20M,"Bracers, Cloak",1058844.2
3310013,T20M,"Insignia, Bracers",1085484.0
3310013,T20M,"Insignia, Cloak",1028766.0
3310013,T20M,"Mantle, Bracers",1122991.7
3310013,T20M,"Mantle, Cloak",1071808.8
3310013,T20M,"Mantle, Insignia",1094562.5
3310021,T19M,"None",977561.2
3310021,T19M2+T20M2,"None",1021091.4
3310021,T19M2+T20M2,"Bracers, Cloak",1165232.2
3310021,T19M2+T20M2,"Insignia, Bracers",1185693.0
3310021,T19M2+T20M2,"Insignia, Cloak",1135625.0
3310021,T19M2+T20M2,"Mantle, Bracers",1230087.6
3310021,T19M2+T20M2,"Mantle, Cloak",1193105.2
3310021,T19M2+T20M2,"Mantle, Insignia",1199769.0
3310021,T19M2+T20M4,"None",1070176.7
3310021,T19M2+T20M4,"Insignia, Bracers",1242528.1
3310021,T19M4+T20M2,"None",1021197.1
3310021,T19M4+T20M2,"Insignia, Bracers",1182416.4
3310021,T19M,"Bracers, Cloak",1113353.0
3310021,T19M,"Insignia, Bracers",1129358.9
3310021,T19M,"Insignia, Cloak",1084365.9
3310021,T19M,"Mantle, Bracers",1179100.5
3310021,T19M,"Mantle, Cloak",1152723.5
3310021,T19M,"Mantle, Insignia",1151703.5
3310021,T20M,"None",1044325.0
3310021,T20M,"Bracers, Cloak",1191465.1
3310021,T20M,"Insignia, Bracers",1209355.5
3310021,T20M,"Insignia, Cloak",1160853.4
3310021,T20M,"Mantle, Bracers",1257286.2
3310021,T20M,"Mantle, Cloak",1226068.3
3310021,T20M,"Mantle, Insignia",1228591.9
3310022,T19M,"None",1011789.0
3310022,T19M2+T20M2,"None",1007506.4
3310022,T19M2+T20M2,"Bracers, Cloak",1188063.0
3310022,T19M2+T20M2,"Insignia, Bracers",1216541.9
3310022,T19M2+T20M2,"Insignia, Cloak",1135381.5
3310022,T19M2+T20M2,"Mantle, Bracers",1282637.3
3310022,T19M2+T20M2,"Mantle, Cloak",1208274.2
3310022,T19M2+T20M2,"Mantle, Insignia",1229477.2
3310022,T19M2+T20M4,"None",1055221.2
3310022,T19M2+T20M4,"Insignia, Bracers",1275814.1
3310022,T19M4+T20M2,"None",1050688.9
3310022,T19M4+T20M2,"Insignia, Bracers",1242086.2
3310022,T19M,"Bracers, Cloak",1180878.7
3310022,T19M,"Insignia, Bracers",1192206.4
3310022,T19M,"Insignia, Cloak",1136567.4
3310022,T19M,"Mantle, Bracers",1277145.1
3310022,T19M,"Mantle, Cloak",1227139.6
3310022,T19M,"Mantle, Insignia",1227690.5
3310022,T20M,"None",1031226.7
3310022,T20M,"Bracers, Cloak",1219801.7
3310022,T20M,"Insignia, Bracers",1245084.5
3310022,T20M,"Insignia, Cloak",1166646.9
3310022,T20M,"Mantle, Bracers",1317361.7
3310022,T20M,"Mantle, Cloak",1239889.2
3310022,T20M,"Mantle, Insignia",1259523.5
3310023,T19M,"None",988432.9
3310023,T19M2+T20M2,"None",1012185.0
3310023,T19M2+T20M2,"Bracers, Cloak",1175133.3
3310023,T19M2+T20M2,"Insignia, Bracers",1199015.3
3310023,T19M2+T20M2,"Insignia, Cloak",1125432.8
3310023,T19M2+T20M2,"Mantle, Bracers",1254951.6
3310023,T19M2+T20M2,"Mantle, Cloak",1195055.2
3310023,T19M2+T20M2,"Mantle, Insignia",1212621.4
3310023,T19M2+T20M4,"None",1062539.5
3310023,T19M2+T20M4,"Insignia, Bracers",1260117.9
3310023,T19M4+T20M2,"None",1030133.5
3310023,T19M4+T20M2,"Insignia, Bracers",1204503.9
3310023,T19M,"Bracers, Cloak",1144621.4
3310023,T19M,"Insignia, Bracers",1156624.8
3310023,T19M,"Insignia, Cloak",1100625.5
3310023,T19M,"Mantle, Bracers",1226386.5
3310023,T19M,"Mantle, Cloak",1181196.5
3310023,T19M,"Mantle, Insignia",1183324.7
3310023,T20M,"None",1037265.3
3310023,T20M,"Bracers, Cloak",1205492.6
3310023,T20M,"Insignia, Bracers",1230338.5
3310023,T20M,"Insignia, Cloak",1156413.9
3310023,T20M,"Mantle, Bracers",1283828.2
3310023,T20M,"Mantle, Cloak",1225379.0
3310023,T20M,"Mantle, Insignia",1240670.3
3310031,T19M,"None",892577.8
3310031,T19M2+T20M2,"None",911174.5
3310031,T19M2+T20M2,"Bracers, Cloak",1024992.5
3310031,T19M2+T20M2,"Insignia, Bracers",1052218.3
3310031,T19M2+T20M2,"Insignia, Cloak",1011092.4
3310031,T19M2+T20M2,"Mantle, Bracers",1093437.0
3310031,T19M2+T20M2,"Mantle, Cloak",1069134.6
3310031,T19M2+T20M2,"Mantle, Insignia",1076862.8
3310031,T19M2+T20M4,"None",958725.8
3310031,T19M2+T20M4,"Insignia, Bracers",1098695.7
3310031,T19M4+T20M2,"None",942368.1
3310031,T19M4+T20M2,"Insignia, Bracers",1065412.8
3310031,T19M,"Bracers, Cloak",1001220.2
3310031,T19M,"Insignia, Bracers",1016689.1
3310031,T19M,"Insignia, Cloak",997971.7
3310031,T19M,"Mantle, Bracers",1064349.2
3310031,T19M,"Mantle, Cloak",1060849.9
3310031,T19M,"Mantle, Insignia",1054999.1
3310031,T20M,"None",923137.1
3310031,T20M,"Bracers, Cloak",1042373.3
3310031,T20M,"Insignia, Bracers",1067608.7
3310031,T20M,"Insignia, Cloak",1032221.7
3310031,T20M,"Mantle, Bracers",1108691.4
3310031,T20M,"Mantle, Cloak",1090414.1
3310031,T20M,"Mantle, Insignia",1093786.2
3310032,T19M,"None",929899.6
3310032,T19M2+T20M2,"None",897807.1
3310032,T19M2+T20M2,"Bracers, Cloak",1043689.0
3310032,T19M2+T20M2,"Insignia, Bracers",1075369.9
3310032,T19M2+T20M2,"Insignia, Cloak",1005081.9
3310032,T19M2+T20M2,"Mantle, Bracers",1133939.7
3310032,T19M2+T20M2,"Mantle, Cloak",1065981.1
3310032,T19M2+T20M2,"Mantle, Insignia",1092011.9
3310032,T19M2+T20M4,"None",935428.4
3310032,T19M2+T20M4,"Insignia, Bracers",1119986.2
3310032,T19M4+T20M2,"None",959870.4
3310032,T19M4+T20M2,"Insignia, Bracers",1115505.8
3310032,T19M,"Bracers, Cloak",1060695.0
3310032,T19M,"Insignia, Bracers",1077690.3
3310032,T19M,"Insignia, Cloak",1044426.0
3310032,T19M,"Mantle, Bracers",1144009.6
3310032,T19M,"Mantle, Cloak",1113401.3
3310032,T19M,"Mantle, Insignia",1120849.0
3310032,T20M,"None",916103.6
3310032,T20M,"Bracers, Cloak",1066850.3
3310032,T20M,"Insignia, Bracers",1096496.0
3310032,T20M,"Insignia, Cloak",1026528.1
3310032,T20M,"Mantle, Bracers",1152857.8
3310032,T20M,"Mantle, Cloak",1087799.5
3310032,T20M,"Mantle, Insignia",1110330.5
3310033,T19M,"None",928254.2
3310033,T19M2+T20M2,"None",927709.8
3310033,T19M2+T20M2,"Bracers, Cloak",1063681.1
3310033,T19M2+T20M2,"Insignia, Bracers",1087118.6
3310033,T19M2+T20M2,"Insignia, Cloak",1031436.2
3310033,T19M2+T20M2,"Mantle, Bracers",1139356.0
3310033,T19M2+T20M2,"Mantle, Cloak",1088911.9
3310033,T19M2+T20M2,"Mantle, Insignia",1105802.6
3310033,T19M2+T20M4,"None",967719.2
3310033,T19M2+T20M4,"Insignia, Bracers",1135065.8
3310033,T19M4+T20M2,"None",961901.8
3310033,T19M4+T20M2,"Insignia, Bracers",1107381.5
3310033,T19M,"Bracers, Cloak",1051649.9
3310033,T19M,"Insignia, Bracers",1067552.5
3310033,T19M,"Insignia, Cloak",1030423.0
3310033,T19M,"Mantle, Bracers",1126333.2
3310033,T19M,"Mantle, Cloak",1095851.3
3310033,T19M,"Mantle, Insignia",1104768.5
3310033,T20M,"None",945331.3
3310033,T20M,"Bracers, Cloak",1084667.1
3310033,T20M,"Insignia, Bracers",1107947.1
3310033,T20M,"Insignia, Cloak",1051543.9
3310033,T20M,"Mantle, Bracers",1158022.4
3310033,T20M,"Mantle, Cloak",1109324.2
3310033,T20M,"Mantle, Insignia",1125073.5
3320011,T19M,"None",874814.3
3320011,T19M2+T20M2,"None",885393.8
3320011,T19M2+T20M2,"Bracers, Cloak",999418.5
3320011,T19M2+T20M2,"Insignia, Bracers",1024531.6
3320011,T19M2+T20M2,"Insignia, Cloak",985074.4
3320011,T19M2+T20M2,"Mantle, Bracers",1052244.8
3320011,T19M2+T20M2,"Mantle, Cloak",1024322.8
3320011,T19M2+T20M2,"Mantle, Insignia",1038306.6
3320011,T19M2+T20M4,"None",920031.5
3320011,T19M2+T20M4,"Insignia, Bracers",1066834.3
3320011,T19M4+T20M2,"None",908865.2
3320011,T19M4+T20M2,"Insignia, Bracers",1038437.4
3320011,T19M,"Bracers, Cloak",984143.4
3320011,T19M,"Insignia, Bracers",995986.4
3320011,T19M,"Mantle, Bracers",1034175.1
3320011,T19M,"Mantle, Cloak",1025375.6
3320011,T19M,"Mantle, Insignia",1022793.2
3320011,T20M,"None",900766.5
3320011,T20M,"Bracers, Cloak",1021674.0
3320011,T20M,"Insignia, Bracers",1044518.3
3320011,T20M,"Insignia, Cloak",1007244.6
3320011,T20M,"Mantle, Bracers",1069155.9
3320011,T20M,"Mantle, Cloak",1048603.2
3320011,T20M,"Mantle, Insignia",1059771.6
3320012,T19M,"None",881627.3
3320012,T19M2+T20M2,"None",835666.7
3320012,T19M2+T20M2,"Bracers, Cloak",973698.9
3320012,T19M2+T20M2,"Insignia, Bracers",1005347.4
3320012,T19M2+T20M2,"Insignia, Cloak",935108.2
3320012,T19M2+T20M2,"Mantle, Bracers",1055088.0
3320012,T19M2+T20M2,"Mantle, Cloak",990871.1
3320012,T19M2+T20M2,"Mantle, Insignia",1014086.9
3320012,T19M2+T20M4,"None",868551.2
3320012,T19M2+T20M4,"Insignia, Bracers",1047445.2
3320012,T19M4+T20M2,"None",910486.5
3320012,T19M4+T20M2,"Insignia, Bracers",1059716.4
3320012,T19M,"Bracers, Cloak",1009356.0
3320012,T19M,"Insignia, Bracers",1024772.4
3320012,T19M,"Insignia, Cloak",990449.9
3320012,T19M,"Mantle, Bracers",1087964.7
3320012,T19M,"Mantle, Cloak",1052103.5
3320012,T19M,"Mantle, Insignia",1059238.4
3320012,T20M,"None",854189.0
3320012,T20M,"Bracers, Cloak",996875.4
3320012,T20M,"Insignia, Bracers",1028756.8
3320012,T20M,"Insignia, Cloak",958307.8
3320012,T20M,"Mantle, Bracers",1079236.2
3320012,T20M,"Mantle, Cloak",1013522.0
3320012,T20M,"Mantle, Insignia",1036883.2
3320013,T19M,"None",881117.8
3320013,T19M2+T20M2,"None",869248.2
3320013,T19M2+T20M2,"Bracers, Cloak",1002355.9
3320013,T19M2+T20M2,"Insignia, Bracers",1025202.2
3320013,T19M2+T20M2,"Insignia, Cloak",968710.3
3320013,T19M2+T20M2,"Mantle, Bracers",1068900.4
3320013,T19M2+T20M2,"Mantle, Cloak",1015567.3
3320013,T19M2+T20M2,"Mantle, Insignia",1030319.8
3320013,T19M2+T20M4,"None",908648.6
3320013,T19M2+T20M4,"Insignia, Bracers",1071354.1
3320013,T19M4+T20M2,"None",913448.9
3320013,T19M4+T20M2,"Insignia, Bracers",1054821.8
3320013,T19M,"Bracers, Cloak",1008870.7
3320013,T19M,"Insignia, Bracers",1016616.0
3320013,T19M,"Insignia, Cloak",979367.6
3320013,T19M,"Mantle, Bracers",1068175.4
3320013,T19M,"Mantle, Cloak",1035273.5
3320013,T19M,"Mantle, Insignia",1040857.6
3320013,T20M,"None",889019.8
3320013,T20M,"Bracers, Cloak",1027298.1
3320013,T20M,"Insignia, Bracers",1050509.8
3320013,T20M,"Insignia, Cloak",993642.5
3320013,T20M,"Mantle, Bracers",1088229.6
3320013,T20M,"Mantle, Cloak",1039053.3
3320013,T20M,"Mantle, Insignia",1053355.4
3320021,T19M,"None",950651.0
3320021,T19M2+T20M2,"None",989711.5
3320021,T19M2+T20M2,"Bracers, Cloak",1130552.0
3320021,T19M2+T20M2,"Insignia, Bracers",1146875.3
3320021,T19M2+T20M2,"Insignia, Cloak",1098125.1
3320021,T19M2+T20M2,"Mantle, Bracers",1194629.6
3320021,T19M2+T20M2,"Mantle, Cloak",1162652.0
3320021,T19M2+T20M2,"Mantle, Insignia",1163958.6
3320021,T19M2+T20M4,"None",1037090.2
3320021,T19M2+T20M4,"Insignia, Bracers",1201993.6
3320021,T19M4+T20M2,"None",992225.3
3320021,T19M4+T20M2,"Insignia, Bracers",1141228.1
3320021,T19M,"Bracers, Cloak",1084461.0
3320021,T19M,"Insignia, Bracers",1091220.0
3320021,T19M,"Insignia, Cloak",1051677.6
3320021,T19M,"Mantle, Bracers",1148012.6
3320021,T19M,"Mantle, Cloak",1123408.8
3320021,T19M,"Mantle, Insignia",1118040.8
3320021,T20M,"None",1014194.7
3320021,T20M,"Bracers, Cloak",1162295.1
3320021,T20M,"Insignia, Bracers",1172501.9
3320021,T20M,"Insignia, Cloak",1128015.1
3320021,T20M,"Mantle, Bracers",1225175.5
3320021,T20M,"Mantle, Cloak",1197120.8
3320021,T20M,"Mantle, Insignia",1195200.5
3320022,T19M,"None",982900.2
3320022,T19M2+T20M2,"None",972150.3
3320022,T19M2+T20M2,"Bracers, Cloak",1146486.8
3320022,T19M2+T20M2,"Insignia, Bracers",1169270.4
3320022,T19M2+T20M2,"Insignia, Cloak",1092169.7
3320022,T19M2+T20M2,"Mantle, Bracers",1236961.8
3320022,T19M2+T20M2,"Mantle, Cloak",1166691.6
3320022,T19M2+T20M2,"Mantle, Insignia",1180703.6
3320022,T19M2+T20M4,"None",1016463.2
3320022,T19M2+T20M4,"Insignia, Bracers",1228630.2
3320022,T19M4+T20M2,"None",1021058.3
3320022,T19M4+T20M2,"Insignia, Bracers",1203538.4
3320022,T19M,"Bracers, Cloak",1150597.5
3320022,T19M,"Insignia, Bracers",1157445.2
3320022,T19M,"Insignia, Cloak",1103508.3
3320022,T19M,"Mantle, Bracers",1241428.3
3320022,T19M,"Mantle, Cloak",1196848.1
3320022,T19M,"Mantle, Insignia",1187555.1
3320022,T20M,"None",999206.7
3320022,T20M,"Bracers, Cloak",1182568.1
3320022,T20M,"Insignia, Bracers",1203829.6
3320022,T20M,"Insignia, Cloak",1127540.7
3320022,T20M,"Mantle, Bracers",1270671.6
3320022,T20M,"Mantle, Cloak",1201779.1
3320022,T20M,"Mantle, Insignia",1212599.7
3320023,T19M,"None",955566.2
3320023,T19M2+T20M2,"None",971977.4
3320023,T19M2+T20M2,"Bracers, Cloak",1133562.6
3320023,T19M2+T20M2,"Insignia, Bracers",1152972.7
3320023,T19M2+T20M2,"Insignia, Cloak",1081655.3
3320023,T19M2+T20M2,"Mantle, Bracers",1208777.8
3320023,T19M2+T20M2,"Mantle, Cloak",1151817.7
3320023,T19M2+T20M2,"Mantle, Insignia",1160892.9
3320023,T19M2+T20M4,"None",1022267.4
3320023,T19M2+T20M4,"Insignia, Bracers",1214141.9
3320023,T19M4+T20M2,"None",994925.4
3320023,T19M4+T20M2,"Insignia, Bracers",1166226.8
3320023,T19M,"Bracers, Cloak",1112473.2
3320023,T19M,"Insignia, Bracers",1120759.7
3320023,T19M,"Insignia, Cloak",1064069.0
3320023,T19M,"Mantle, Bracers",1192325.3
3320023,T19M,"Mantle, Cloak",1144282.2
3320023,T19M,"Mantle, Insignia",1141998.3
3320023,T20M,"None",999470.7
3320023,T20M,"Bracers, Cloak",1166777.7
3320023,T20M,"Insignia, Bracers",1185894.8
3320023,T20M,"Insignia, Cloak",1116358.6
3320023,T20M,"Mantle, Bracers",1242655.0
3320023,T20M,"Mantle, Cloak",1180002.3
3320023,T20M,"Mantle, Insignia",1193917.6
3320031,T19M,"None",875931.4
3320031,T19M2+T20M2,"None",888795.9
3320031,T19M2+T20M2,"Bracers, Cloak",1004091.8
3320031,T19M2+T20M2,"Insignia, Bracers",1019112.6
3320031,T19M2+T20M2,"Insignia, Cloak",985575.1
3320031,T19M2+T20M2,"Mantle, Bracers",1065610.2
3320031,T19M2+T20M2,"Mantle, Cloak",1048185.8
3320031,T19M2+T20M2,"Mantle, Insignia",1044691.0
3320031,T19M2+T20M4,"None",934424.7
3320031,T19M2+T20M4,"Insignia, Bracers",1068800.5
3320031,T19M4+T20M2,"None",922193.6
3320031,T19M4+T20M2,"Insignia, Bracers",1040520.7
3320031,T19M,"Bracers, Cloak",986369.6
3320031,T19M,"Insignia, Bracers",992855.3
3320031,T19M,"Insignia, Cloak",977570.6
3320031,T19M,"Mantle, Bracers",1046009.6
3320031,T19M,"Mantle, Cloak",1045431.3
3320031,T19M,"Mantle, Insignia",1030315.5
3320031,T20M,"None",906102.4
3320031,T20M,"Bracers, Cloak",1024993.9
3320031,T20M,"Insignia, Bracers",1039547.5
3320031,T20M,"Insignia, Cloak",1009591.6
3320031,T20M,"Mantle, Bracers",1084204.1
3320031,T20M,"Mantle, Cloak",1071422.1
3320031,T20M,"Mantle, Insignia",1067021.2
3320032,T19M,"None",909864.0
3320032,T19M2+T20M2,"None",870882.2
3320032,T19M2+T20M2,"Bracers, Cloak",1012930.6
3320032,T19M2+T20M2,"Insignia, Bracers",1037589.6
3320032,T19M2+T20M2,"Insignia, Cloak",972690.3
3320032,T19M2+T20M2,"Mantle, Bracers",1093442.5
3320032,T19M2+T20M2,"Mantle, Cloak",1034474.8
3320032,T19M2+T20M2,"Mantle, Insignia",1053830.6
3320032,T19M2+T20M4,"None",905209.3
3320032,T19M2+T20M4,"Insignia, Bracers",1082703.4
3320032,T19M4+T20M2,"None",939349.1
3320032,T19M4+T20M2,"Insignia, Bracers",1091710.9
3320032,T19M,"Bracers, Cloak",1044465.2
3320032,T19M,"Insignia, Bracers",1052192.4
3320032,T19M,"Insignia, Cloak",1020547.8
3320032,T19M,"Mantle, Bracers",1120712.1
3320032,T19M,"Mantle, Cloak",1093727.2
3320032,T19M,"Mantle, Insignia",1093596.0
3320032,T20M,"None",892324.4
3320032,T20M,"Bracers, Cloak",1035197.8
3320032,T20M,"Insignia, Bracers",1061532.5
3320032,T20M,"Insignia, Cloak",997035.5
3320032,T20M,"Mantle, Bracers",1119917.1
3320032,T20M,"Mantle, Cloak",1057895.1
3320032,T20M,"Mantle, Insignia",1073471.0
3320033,T19M,"None",902113.6
3320033,T19M2+T20M2,"None",895339.7
3320033,T19M2+T20M2,"Bracers, Cloak",1029409.6
3320033,T19M2+T20M2,"Insignia, Bracers",1048075.3
3320033,T19M2+T20M2,"Insignia, Cloak",992658.8
3320033,T19M2+T20M2,"Mantle, Bracers",1099288.3
3320033,T19M2+T20M2,"Mantle, Cloak",1048574.8
3320033,T19M2+T20M2,"Mantle, Insignia",1063602.1
3320033,T19M2+T20M4,"None",933611.0
3320033,T19M2+T20M4,"Insignia, Bracers",1096292.9
3320033,T19M4+T20M2,"None",933469.9
3320033,T19M4+T20M2,"Insignia, Bracers",1074724.8
3320033,T19M,"Bracers, Cloak",1027291.4
3320033,T19M,"Insignia, Bracers",1036285.3
3320033,T19M,"Insignia, Cloak",999459.0
3320033,T19M,"Mantle, Bracers",1096072.3
3320033,T19M,"Mantle, Cloak",1068173.6
3320033,T19M,"Mantle, Insignia",1069842.6
3320033,T20M,"None",914137.9
3320033,T20M,"Bracers, Cloak",1054371.8
3320033,T20M,"Insignia, Bracers",1071559.2
3320033,T20M,"Insignia, Cloak",1018172.3
3320033,T20M,"Mantle, Bracers",1122596.0
3320033,T20M,"Mantle, Cloak",1075249.8
3320033,T20M,"Mantle, Insignia",1086899.0
3330011,T19M,"None",882908.2
3330011,T19M2+T20M2,"None",905251.9
3330011,T19M2+T20M2,"Bracers, Cloak",1019221.3
3330011,T19M2+T20M2,"Insignia, Bracers",1053864.6
3330011,T19M2+T20M2,"Insignia, Cloak",1004130.2
3330011,T19M2+T20M2,"Mantle, Bracers",1079570.0
3330011,T19M2+T20M2,"Mantle, Cloak",1033430.1
3330011,T19M2+T20M2,"Mantle, Insignia",1063083.7
3330011,T19M2+T20M4,"None",942225.6
3330011,T19M2+T20M4,"Insignia, Bracers",1100144.5
3330011,T19M4+T20M2,"None",920708.9
3330011,T19M4+T20M2,"Insignia, Bracers",1062875.1
3330011,T19M,"Bracers, Cloak",991111.5
3330011,T19M,"Insignia, Bracers",1016041.6
3330011,T19M,"Insignia, Cloak",973776.2
3330011,T19M,"Mantle, Bracers",1049457.7
3330011,T19M,"Mantle, Cloak",1018229.3
3330011,T19M,"Mantle, Insignia",1030872.2
3330011,T20M,"None",919307.2
3330011,T20M,"Bracers, Cloak",1036622.7
3330011,T20M,"Insignia, Bracers",1073920.2
3330011,T20M,"Insignia, Cloak",1021217.6
3330011,T20M,"Mantle, Bracers",1094626.9
3330011,T20M,"Mantle, Cloak",1050771.1
3330011,T20M,"Mantle, Insignia",1080808.2
3330012,T19M,"None",897243.5
3330012,T19M2+T20M2,"None",860853.3
3330012,T19M2+T20M2,"Bracers, Cloak",1001254.5
3330012,T19M2+T20M2,"Insignia, Bracers",1043998.9
3330012,T19M2+T20M2,"Insignia, Cloak",960041.2
3330012,T19M2+T20M2,"Mantle, Bracers",1082655.1
3330012,T19M2+T20M2,"Mantle, Cloak",1004428.1
3330012,T19M2+T20M2,"Mantle, Insignia",1038672.9
3330012,T19M2+T20M4,"None",898246.6
3330012,T19M2+T20M4,"Insignia, Bracers",1089031.0
3330012,T19M4+T20M2,"None",927223.5
3330012,T19M4+T20M2,"Insignia, Bracers",1090089.5
3330012,T19M,"Bracers, Cloak",1023737.2
3330012,T19M,"Insignia, Bracers",1051350.3
3330012,T19M,"Insignia, Cloak",998561.1
3330012,T19M,"Mantle, Bracers",1105003.3
3330012,T19M,"Mantle, Cloak",1051588.8
3330012,T19M,"Mantle, Insignia",1075779.6
3330012,T20M,"None",880703.4
3330012,T20M,"Bracers, Cloak",1022938.3
3330012,T20M,"Insignia, Bracers",1065572.0
3330012,T20M,"Insignia, Cloak",981540.1
3330012,T20M,"Mantle, Bracers",1104988.6
3330012,T20M,"Mantle, Cloak",1025552.0
3330012,T20M,"Mantle, Insignia",1062154.7
3330013,T19M,"None",891887.9
3330013,T19M2+T20M2,"None",895870.1
3330013,T19M2+T20M2,"Bracers, Cloak",1027850.3
3330013,T19M2+T20M2,"Insignia, Bracers",1059877.1
3330013,T19M2+T20M2,"Insignia, Cloak",989849.1
3330013,T19M2+T20M2,"Mantle, Bracers",1095899.1
3330013,T19M2+T20M2,"Mantle, Cloak",1026913.7
3330013,T19M2+T20M2,"Mantle, Insignia",1058662.1
3330013,T19M2+T20M4,"None",934985.0
3330013,T19M2+T20M4,"Insignia, Bracers",1112701.6
3330013,T19M4+T20M2,"None",925543.7
3330013,T19M4+T20M2,"Insignia, Bracers",1085182.6
3330013,T19M,"Bracers, Cloak",1017715.6
3330013,T19M,"Insignia, Bracers",1040727.6
3330013,T19M,"Insignia, Cloak",985755.2
3330013,T19M,"Mantle, Bracers",1083887.3
3330013,T19M,"Mantle, Cloak",1031136.1
3330013,T19M,"Mantle, Insignia",1053260.6
3330013,T20M,"None",914767.0
3330013,T20M,"Bracers, Cloak",1050698.5
3330013,T20M,"Insignia, Bracers",1084297.8
3330013,T20M,"Insignia, Cloak",1011385.3
3330013,T20M,"Mantle, Bracers",1117984.5
3330013,T20M,"Mantle, Cloak",1048083.9
3330013,T20M,"Mantle, Insignia",1078524.7
3330021,T19M,"None",940150.0
3330021,T19M2+T20M2,"None",988238.6
3330021,T19M2+T20M2,"Bracers, Cloak",1128487.7
3330021,T19M2+T20M2,"Insignia, Bracers",1152905.2
3330021,T19M2+T20M2,"Mantle, Bracers",1194299.2
3330021,T19M2+T20M2,"Mantle, Cloak",1139593.6
3330021,T19M2+T20M2,"Mantle, Insignia",1153610.5
3330021,T19M2+T20M4,"None",1040766.0
3330021,T19M2+T20M4,"Insignia, Bracers",1211783.0
3330021,T19M4+T20M2,"None",983931.9
3330021,T19M4+T20M2,"Insignia, Bracers",1144804.7
3330021,T19M,"Bracers, Cloak",1073545.3
3330021,T19M,"Insignia, Bracers",1093015.3
3330021,T19M,"Insignia, Cloak",1032248.1
3330021,T19M,"Mantle, Bracers",1140713.0
3330021,T19M,"Mantle, Cloak",1088317.8
3330021,T19M,"Mantle, Insignia",1098842.2
3330021,T20M,"None",1011929.4
3330021,T20M,"Bracers, Cloak",1157202.9
3330021,T20M,"Insignia, Bracers",1178657.7
3330021,T20M,"Insignia, Cloak",1114197.3
3330021,T20M,"Mantle, Bracers",1219865.5
3330021,T20M,"Mantle, Cloak",1171121.7
3330021,T20M,"Mantle, Insignia",1181468.3
3330022,T19M,"None",985096.8
3330022,T19M2+T20M2,"None",991998.8
3330022,T19M2+T20M2,"Bracers, Cloak",1166323.5
3330022,T19M2+T20M2,"Insignia, Bracers",1197660.2
3330022,T19M2+T20M2,"Insignia, Cloak",1105277.9
3330022,T19M2+T20M2,"Mantle, Bracers",1255182.1
3330022,T19M2+T20M2,"Mantle, Cloak",1166667.3
3330022,T19M2+T20M2,"Mantle, Insignia",1193289.9
3330022,T19M2+T20M4,"None",1042457.4
3330022,T19M2+T20M4,"Insignia, Bracers",1264598.5
3330022,T19M4+T20M2,"None",1026053.2
3330022,T19M4+T20M2,"Insignia, Bracers",1219040.6
3330022,T19M,"Bracers, Cloak",1150325.2
3330022,T19M,"Insignia, Bracers",1167694.4
3330022,T19M,"Insignia, Cloak",1088885.7
3330022,T19M,"Mantle, Bracers",1240987.9
3330022,T19M,"Mantle, Cloak",1170900.0
3330022,T19M,"Mantle, Insignia",1180017.7
3330022,T20M,"None",1020940.5
3330022,T20M,"Bracers, Cloak",1198824.4
3330022,T20M,"Insignia, Bracers",1235227.0
3330022,T20M,"Insignia, Cloak",1139361.9
3330022,T20M,"Mantle, Bracers",1289009.0
3330022,T20M,"Mantle, Cloak",1200652.3
3330022,T20M,"Mantle, Insignia",1230607.1
3330023,T19M,"None",956727.2
3330023,T19M2+T20M2,"Bracers, Cloak",1149916.5
3330023,T19M2+T20M2,"Insignia, Bracers",1178233.3
3330023,T19M2+T20M2,"Insignia, Cloak",1091097.3
3330023,T19M2+T20M2,"Mantle, Bracers",1226643.7
3330023,T19M2+T20M2,"Mantle, Cloak",1147050.8
3330023,T19M2+T20M2,"Mantle, Insignia",1168544.3
3330023,T19M2+T20M4,"None",1040475.4
3330023,T19M2+T20M4,"Insignia, Bracers",1244631.8
3330023,T19M4+T20M2,"None",995620.6
3330023,T19M4+T20M2,"Insignia, Bracers",1181819.5
3330023,T19M,"Bracers, Cloak",1109464.1
3330023,T19M,"Insignia, Bracers",1129726.9
3330023,T19M,"Insignia, Cloak",1053738.8
3330023,T19M,"Mantle, Bracers",1193346.0
3330023,T19M,"Mantle, Cloak",1120739.6
3330023,T19M,"Mantle, Insignia",1136285.7
3330023,T20M,"None",1014989.1
3330023,T20M,"Bracers, Cloak",1181713.6
3330023,T20M,"Insignia, Bracers",1211003.6
3330023,T20M,"Insignia, Cloak",1125588.0
3330023,T20M,"Mantle, Bracers",1256592.9
3330023,T20M,"Mantle, Cloak",1176498.7
3330023,T20M,"Mantle, Insignia",1203453.4
3330031,T19M,"None",899393.2
3330031,T19M2+T20M2,"None",924608.4
3330031,T19M2+T20M2,"Bracers, Cloak",1041917.9
3330031,T19M2+T20M2,"Insignia, Bracers",1071634.5
3330031,T19M2+T20M2,"Insignia, Cloak",1023916.9
3330031,T19M2+T20M2,"Mantle, Bracers",1107766.4
3330031,T19M2+T20M2,"Mantle, Cloak",1063007.2
3330031,T19M2+T20M2,"Mantle, Insignia",1093203.1
3330031,T19M2+T20M4,"None",962425.6
3330031,T19M4+T20M2,"None",939901.8
3330031,T19M4+T20M2,"Insignia, Bracers",1077909.1
3330031,T19M,"Bracers, Cloak",1010790.9
3330031,T19M,"Insignia, Bracers",1031461.8
3330031,T19M,"Insignia, Cloak",990550.9
3330031,T19M,"Mantle, Bracers",1075816.0
3330031,T19M,"Mantle, Cloak",1039686.0
3330031,T19M,"Mantle, Insignia",1054923.6
3330031,T20M,"None",943426.7
3330031,T20M,"Bracers, Cloak",1061871.4
3330031,T20M,"Insignia, Bracers",1091583.5
3330031,T20M,"Insignia, Cloak",1044386.7
3330031,T20M,"Mantle, Bracers",1125128.0
3330031,T20M,"Mantle, Cloak",1086669.7
3330031,T20M,"Mantle, Insignia",1109200.2
3330032,T19M,"None",932294.3
3330032,T19M2+T20M2,"None",914401.6
3330032,T19M2+T20M2,"Bracers, Cloak",1062594.8
3330032,T19M2+T20M2,"Insignia, Bracers",1096577.7
3330032,T19M2+T20M2,"Insignia, Cloak",1014975.6
3330032,T19M2+T20M2,"Mantle, Bracers",1143090.2
3330032,T19M2+T20M2,"Mantle, Cloak",1069851.6
3330032,T19M2+T20M2,"Mantle, Insignia",1097828.1
3330032,T19M2+T20M4,"None",958237.6
3330032,T19M2+T20M4,"Insignia, Bracers",1143469.2
3330032,T19M4+T20M2,"None",967077.5
3330032,T19M4+T20M2,"Insignia, Bracers",1130977.0
3330032,T19M,"Bracers, Cloak",1067415.2
3330032,T19M,"Insignia, Bracers",1086669.3
3330032,T19M,"Insignia, Cloak",1033295.5
3330032,T19M,"Mantle, Bracers",1148844.4
3330032,T19M,"Mantle, Cloak",1100699.0
3330032,T19M,"Mantle, Insignia",1112224.3
3330032,T20M,"None",937540.1
3330032,T20M,"Bracers, Cloak",1087506.2
3330032,T20M,"Insignia, Bracers",1120583.5
3330032,T20M,"Insignia, Cloak",1041680.8
3330032,T20M,"Mantle, Bracers",1165850.1
3330032,T20M,"Mantle, Cloak",1094128.6
3330032,T20M,"Mantle, Insignia",1123689.3
3330033,T19M,"None",914686.5
3330033,T19M2+T20M2,"None",927133.5
3330033,T19M2+T20M2,"Bracers, Cloak",1063832.6
3330033,T19M2+T20M2,"Insignia, Bracers",1094057.8
3330033,T19M2+T20M2,"Insignia, Cloak",1021899.5
3330033,T19M2+T20M2,"Mantle, Bracers",1134161.0
3330033,T19M2+T20M2,"Mantle, Cloak",1068821.6
3330033,T19M2+T20M2,"Mantle, Insignia",1096177.3
3330033,T19M2+T20M4,"None",967717.0
3330033,T19M2+T20M4,"Insignia, Bracers",1141678.4
3330033,T19M4+T20M2,"None",948869.1
3330033,T19M4+T20M2,"Insignia, Bracers",1111095.6
3330033,T19M,"Bracers, Cloak",1040153.9
3330033,T19M,"Insignia, Bracers",1063482.8
3330033,T19M,"Insignia, Cloak",1007023.5
3330033,T19M,"Mantle, Bracers",1116641.5
3330033,T19M,"Mantle, Cloak",1064304.6
3330033,T19M,"Mantle, Insignia",1078963.8
3330033,T20M,"None",948945.7
3330033,T20M,"Bracers, Cloak",1087773.5
3330033,T20M,"Insignia, Bracers",1116074.3
3330033,T20M,"Insignia, Cloak",1046771.8
3330033,T20M,"Mantle, Bracers",1158600.8
3330033,T20M,"Mantle, Cloak",1093736.4
3330033,T20M,"Mantle, Insignia",1116292.9
